,topology,centrality,position,label
0,0.9995995184496375,0.00030193431428378846,9.854723607886737e-05,1
1,0.9626610838026892,0.02787001030420705,0.0094689058931038,2
2,0.956727237100591,0.0322858302462599,0.010986932653149187,2
3,0.9996620378664374,0.000253134477388883,8.482765617366512e-05,1
4,0.9074030259942544,0.06919590022049522,0.023401073785250585,2
5,0.9955886805018299,0.0033996500501660477,0.001011669448003977,2
6,0.9238535875562119,0.057124245663739324,0.01902216678004884,2
7,0.9815269620789695,0.013850075588507888,0.004622962332522572,1
8,0.4661602279082524,0.5338008038659526,3.896822579501134e-05,0
9,0.9134231557174636,0.06454480825715914,0.022032036025377302,2
10,0.907600898079548,0.06912026632188012,0.02327883559857187,1
11,0.9995691491534101,0.00034699808355435327,8.385276303538068e-05,0
12,0.9792335534216012,0.015503101019177212,0.005263345559221695,0
13,0.9622561433400443,0.028445494376968364,0.009298362282987405,2
14,0.9996057425882057,0.0003039109808561975,9.03464309381517e-05,0
15,0.9992985738509671,0.0005246957145270913,0.0001767304345059763,1
16,0.9568206908223602,0.032359615173651435,0.01081969400398831,1
17,0.9995470668884194,0.0003485186116898421,0.00010441449989081641,0
18,0.9663274410130664,0.025273723568069978,0.00839883541886364,1
19,0.9470200952628729,0.039675237534772506,0.01330466720235456,2
20,0.9993361716929519,0.0005096271226280878,0.00015420118442021887,0
21,0.9994725346048992,0.0004116118027672616,0.00011585359233361253,0
22,0.9934711713196519,0.004879222746336243,0.0016496059340118969,2
23,0.9954029641535359,0.003446202384018926,0.0011508334624451535,1
24,0.9137054006365626,0.06462466185165731,0.021669937511780073,1
25,0.03469707865915389,0.9650992557553791,0.0002036655854669132,0
26,0.9125441938848682,0.06529442327797166,0.022161382837160053,2
27,0.9996568210009812,0.0002565493881752632,8.662961084346717e-05,0
28,0.9996410595131483,0.0002771443833638439,8.179610348763567e-05,0
29,0.9114876986133476,0.06612922750600671,0.022383073880645876,2
30,0.9490900085011639,0.03810065604096203,0.012809335457874141,2
31,0.9308670795599054,0.051540072163640906,0.017592848276453733,1
32,0.9627638683135984,0.027780224190841224,0.009455907495560453,2
33,0.9078985955551313,0.06881377055506877,0.023287633889799847,2
34,0.9615007953298205,0.02866131400837352,0.00983789066180602,2
35,0.9991981108226888,0.0005995899447713112,0.00020229923253999423,0
36,0.9556672324086616,0.03326817180165112,0.01106459578968742,2
37,0.920883781285129,0.059208869925432714,0.019907348789438114,2
38,0.9101262778061012,0.06733867261032758,0.02253504958357116,1
39,0.9668314591916288,0.02474425465259032,0.008424286155780784,2
40,0.9996563966516049,0.0002576151817518747,8.598816664326718e-05,0
41,0.9996335474371831,0.00027427944019056737,9.217312262639373e-05,0
42,0.9421834294249585,0.043198224039168974,0.014618346535872443,2
43,0.9600934290922397,0.02996562633916934,0.009940944568590926,2
44,0.9248637753080822,0.05621524887681624,0.01892097581510171,2
45,0.9098722485048266,0.06732199595077279,0.02280575554440062,2
46,0.9161734519186963,0.06274953161979402,0.021077016461509706,2
47,0.9076381436655084,0.0690195567999331,0.023342299534558558,2
48,0.9544098357768008,0.034116255049088724,0.01147390917411052,2
49,0.9612149972501932,0.028972941542256606,0.009812061207550305,2
50,0.9383721713819831,0.04633131064353059,0.01529651797448611,2
51,0.9567242618532054,0.032372044138994326,0.010903694007800202,1
52,0.9261068822633106,0.05503499222684337,0.01885812550984591,2
53,0.9115235865207617,0.06620233061308138,0.022274082866156886,2
54,0.9609587911155146,0.029215555197725878,0.009825653686759557,2
55,0.9395015568080852,0.04547880073655619,0.015019642455358653,1
56,0.7155675104014325,0.28437258136926286,5.9908229304593254e-05,0
57,0.9593645053829652,0.03035313045669754,0.010282364160337213,2
58,0.9352633154588169,0.04982671273243147,0.014909971808751525,2
59,0.9996083552461857,0.0002929667898311939,9.86779639831805e-05,0
60,0.9430606230086597,0.04251147955915709,0.014427897432183381,0
61,0.9642456989352414,0.027570801535374237,0.008183499529384318,1
62,0.9403911277858286,0.044692129547623215,0.014916742666548128,2
63,0.9080345613650134,0.06878592452362349,0.023179514111363157,1
64,0.92287946669867,0.05783238425894073,0.019288149042389402,1
65,0.9633193975891738,0.027408697948899947,0.009271904461926212,2
66,0.9585244111103702,0.030900038044593858,0.01057555084503582,2
67,0.9156132525460905,0.06323212808165052,0.02115461937225896,1
68,0.9147311758044924,0.06384647813326624,0.021422346062241446,2
69,0.9297212949435641,0.052658102097478045,0.017620602958957683,2
70,0.949089843119281,0.037979266952624366,0.012930889928094684,2
71,0.9139403915103289,0.06443348613338364,0.021626122356287466,2
72,0.9579897931994225,0.03132977953586839,0.010680427264709006,0
73,0.9632382071069714,0.027509051183266485,0.009252741709762136,2
74,0.9079233224674541,0.06892619542532606,0.023150482107219882,1
75,0.9753910119335962,0.018909971246138548,0.005699016820265075,0
76,0.9644426767637285,0.02684005658746872,0.008717266648802766,2
77,0.9654349211137603,0.025882835149142355,0.008682243737097332,2
78,0.962725358021749,0.028090003308910066,0.009184638669341052,1
79,0.9103371812103371,0.06707172824766285,0.02259109054200007,1
80,0.9547922912079195,0.033768080086746755,0.011439628705333826,1
81,0.9656426230736671,0.0257396008301186,0.008617776096214214,2
82,0.9996534098345182,0.0002600675643086159,8.652260117321243e-05,0
83,0.9996057466078717,0.00029501697023185037,9.923642189653984e-05,0
84,0.9194147106618603,0.06025190017293057,0.02033338916520911,2
85,0.99960905299195,0.00029366978478832784,9.727722326168553e-05,1
86,0.9654219924641856,0.025913054405908895,0.008664953129905437,2
87,0.9995974892155639,0.0003096295226352724,9.28812618009604e-05,0
88,0.9290417716766562,0.05334627532566269,0.01761195299768131,2
89,0.9128492771885269,0.06518170798403049,0.021969014827442516,2
90,0.9643934417782626,0.026638697636268995,0.008967860585468484,2
91,0.9547724856387437,0.03386277993730948,0.011364734423946676,1
92,0.9995703165168305,0.0003365874590087689,9.309602416075858e-05,0
93,0.9996068701325486,0.00029424017953699104,9.888968791427674e-05,1
94,0.9483862354033419,0.038556437369578346,0.013057327227079541,2
95,0.9449632970805549,0.04105293131388442,0.013983771605560661,2
96,0.9994162624441137,0.00047074468879120635,0.00011299286709492816,0
97,0.9967347384590862,0.0024418637907949975,0.0008233977501188556,1
98,0.912604634866252,0.06540927664752967,0.021986088486218306,2
99,0.9594944854528177,0.030295658849650037,0.010209855697532239,2
100,0.9990500056421714,0.0007103145624035189,0.00023967979542511303,0
101,0.942874790068517,0.04263710139716659,0.014488108534316282,2
102,0.9995870110413384,0.0003095617467875196,0.00010342721187420885,0
103,0.9280360613327405,0.05394533559277267,0.018018603074486696,2
104,0.9996361242004433,0.0002732223634725489,9.065343608407853e-05,1
105,0.9482486031334306,0.03877336136614837,0.012978035500421106,1
106,0.9081931388814872,0.06933628401746432,0.022470577101048477,2
107,0.9147278245941162,0.06375847602553807,0.021513699380345683,0
108,0.9446671884199962,0.04145592162877352,0.013876889951230322,2
109,0.9630464352134642,0.027597388329460983,0.00935617645707474,1
110,0.9996151632459847,0.00028821525944017527,9.662149457503554e-05,1
111,0.915184916125187,0.06363533258195196,0.021179751292860947,1
112,0.9863268449784149,0.01022843932914566,0.003444715692439485,1
113,0.9261426973580075,0.05673627412886909,0.017121028513123394,2
114,0.9652546790892534,0.026217435464920818,0.00852788544582581,2
115,0.9347999693026539,0.04869166129802698,0.01650836939931913,1
116,0.9996417605324617,0.00027539633408634064,8.284313345189189e-05,0
117,0.9996252082201129,0.0002797369498468132,9.505483004038556e-05,1
118,0.9628663058420274,0.027811050001438346,0.009322644156534202,2
119,0.9092894720602221,0.06852975002670884,0.022180777913068953,1
120,0.9996257588478055,0.00027938429116538947,9.48568610289842e-05,0
121,0.9996360396186366,0.0002795446757285069,8.441570563473472e-05,0
122,0.9423762329097947,0.04313153747412903,0.014492229616076232,1
123,0.9995186234642249,0.00036984472749675335,0.00011153180827834214,1
124,0.9996247264054339,0.0002884661057867657,8.680748877935183e-05,0
125,0.9608726427901184,0.02917921087396551,0.00994814633591604,2
126,0.9613057423115468,0.028926332379249277,0.009767925309203788,2
127,0.9596947476721638,0.03006955505060683,0.010235697277229523,2
128,0.9985740486430534,0.0010755431109947832,0.0003504082459518581,2
129,0.9601755329764959,0.029987075951624902,0.00983739107187913,2
130,0.9498559152883749,0.038562670583330835,0.011581414128294361,2
131,0.9178045734188754,0.061531271301295015,0.02066415527982962,1
132,0.9993220886215725,0.0005078235178354796,0.00017008786059197764,1
133,0.9149880534161847,0.06358572935714456,0.02142621722667055,1
134,0.9996359141821877,0.00027946862919804084,8.461718861440981e-05,0
135,0.9457563351639028,0.04062107918236176,0.013622585653735513,1
136,0.9996156880459522,0.00028686380995625316,9.744814409157483e-05,1
137,0.965342684426644,0.025917434169865226,0.008739881403490654,2
138,0.928114912168586,0.0538174786590036,0.018067609172410407,1
139,0.908775245616597,0.06803792851299705,0.02318682587040616,2
140,0.9647145033082938,0.026359648361212414,0.008925848330493936,2
141,0.9640218133885025,0.02681276435177391,0.009165422259723412,2
142,0.9506313655284501,0.036966319520887504,0.012402314950662331,1
143,0.9996541537662988,0.00026139627132626837,8.444996237485998e-05,0
144,0.9386634927573811,0.04591035601510037,0.01542615122751839,1
145,0.9102358128578213,0.0671056016393982,0.022658585502780604,2
146,0.9565347984666468,0.03246747772392108,0.01099772380943221,2
147,0.9435322990518457,0.04223756822537591,0.014230132722778597,1
148,0.999662501579208,0.00025238772928496615,8.511069150710286e-05,0
149,0.9996569459955525,0.00025682064000863154,8.623336443877435e-05,1
150,0.9771732775140746,0.01707695046007258,0.005749772025852954,1
151,0.9552408993270884,0.03344386107042401,0.011315239602487478,1
152,0.9529711092416611,0.035224134282173636,0.011804756476165317,0
153,0.9295862333177248,0.052652110392496794,0.01776165628977841,2
154,0.9594228101144835,0.030295170314899412,0.01028201957061713,2
155,0.9857362485566669,0.010671954370787275,0.003591797072545726,1
156,0.9659954248425147,0.02544300241442136,0.008561572743064015,2
157,0.9304348849739765,0.05208294142249538,0.017482173603528245,1
158,0.9118364408310496,0.06584319879797067,0.022320360370979647,2
159,0.9334643479148974,0.049696443967018875,0.016839208118083662,2
160,0.9875296346156722,0.009332869888254967,0.0031374954960728613,0
161,0.925844928369929,0.05554770882309374,0.01860736280697734,1
162,0.9240474445336616,0.05693591131691139,0.019016644149427036,2
163,0.9445058884429133,0.041326660520654174,0.014167451036432542,2
164,0.9995717278653931,0.000319018913869739,0.00010925322073725542,1
165,0.2901861296722803,0.7097791150419448,3.475528577491446e-05,0
166,0.9618668182941633,0.028485066366702026,0.009648115339134676,2
167,0.9146492726263244,0.06372133797710543,0.021629389396570095,2
168,0.914491002410773,0.06404463402751312,0.02146436356171382,1
169,0.9104785560372887,0.06698514670603396,0.022536297256677353,2
170,0.988769188135749,0.008417711202538222,0.0028131006617125496,1
171,0.9611899135198975,0.029098482739827305,0.009711603740275292,1
172,0.9126439886432808,0.06544108899412114,0.021914922362598,0
173,0.9613118189533547,0.029203804834356268,0.00948437621228907,2
174,0.9504912822286288,0.03704529444798927,0.012463423323381899,1
175,0.9996359848018002,0.00027479719618807974,8.921800201182648e-05,0
176,0.9598933093796908,0.03016991648291454,0.009936774137394598,1
177,0.9549959130080844,0.033686908088989415,0.01131717890292606,2
178,0.9396387536054588,0.045124608691683096,0.015236637702858134,2
179,0.980844261973233,0.014320729887889266,0.00483500813887775,1
180,0.9674633300362778,0.02429044488915007,0.00824622507457197,1
181,0.9376346561197456,0.046689079295027705,0.015676264585226633,1
182,0.9993801574196891,0.00047527725029177957,0.00014456533001898516,0
183,0.9940448225678342,0.004449918801729965,0.0015052586304357273,1
184,0.9937119694116018,0.004708284651003225,0.0015797459373950425,0
185,0.9994219827900163,0.0004439359480842246,0.0001340812618994234,0
186,0.9309807787718833,0.05146115706778434,0.01755806416033231,2
187,0.9412278472261791,0.04389535964351885,0.014876793130301972,2
188,0.9337148472236614,0.04959127994132279,0.016693872835015746,2
189,0.9114518346630381,0.06623143100933815,0.022316734327623728,2
190,0.9706245155986806,0.022086539507350976,0.007288944893968389,1
191,0.9823160680013511,0.013211075187061232,0.004472856811587775,1
192,0.963158844397357,0.027517918989404356,0.00932323661323876,2
193,0.95356327115122,0.03469584211562907,0.011740886733151023,1
194,0.9078936914303783,0.06882234803280506,0.02328396053681652,2
195,0.9948815012670954,0.003949292464022105,0.0011692062688825728,1
196,0.9990170638637768,0.000735008536554215,0.0002479275996689828,2
197,0.9996185730226367,0.00029327290370635597,8.815407365687804e-05,0
198,0.9617567699494775,0.028564182443012873,0.009679047607509601,2
199,0.9081064528590359,0.06884848564030967,0.02304506150065447,2
200,0.9660126840410542,0.025419936245514446,0.008567379713431413,2
201,0.9995627558083972,0.00032708339750599653,0.00011016079409678468,1
202,0.9321260825253674,0.05101191975039802,0.016861997724234475,2
203,0.999662942090636,0.0002525315069176498,8.452640244643461e-05,1
204,0.999668645944627,0.0002480972995404782,8.325675583256191e-05,1
205,0.9285018636620637,0.053411531052881135,0.01808660528505526,2
206,0.9561157649623475,0.03283067891346317,0.011053556124189203,2
207,0.9996616847250513,0.00025300172701191306,8.531354793682104e-05,1
208,0.9182351292156824,0.0618738707590763,0.019891000025241422,1
209,0.9995853057474957,0.00030987949058485284,0.0001048147619194785,0
210,0.9996159395332109,0.00029578213519619747,8.827833159302776e-05,0
211,0.943789788691251,0.042065738688240775,0.01414447262050832,1
212,0.9859534975374219,0.010814381147478205,0.0032321213150999953,0
213,0.9631056056694961,0.02764252732744588,0.009251867003058056,2
214,0.9996422188103951,0.00026740142619245845,9.037976341248069e-05,0
215,0.45383394339393646,0.5461283937473227,3.766285874080994e-05,0
216,0.9995771995962348,0.00031852988299081074,0.00010427052077436164,0
217,0.9995475450271399,0.0003392554973195425,0.00011319947554045632,0
218,0.9692902559522674,0.02365029982994679,0.007059444217785756,1
219,0.9995893933898625,0.00030978833508542075,0.00010081827505197564,0
220,0.9996537619065088,0.00026134862211935614,8.48894713719609e-05,0
221,0.9144027185981868,0.06411050669144136,0.021486774710371876,1
222,0.9162246745798626,0.06257104555625094,0.021204279863886545,0
223,0.9373367165676418,0.046906326577130605,0.015756956855227558,1
224,0.9996278161007388,0.000278070317111494,9.411358214961718e-05,0
225,0.908565669160746,0.06855394167897828,0.02288038916027577,1
226,0.9872853511994727,0.009513118538210089,0.0032015302623172076,1
227,0.999490518617205,0.00039189240211791267,0.00011758898067710124,0
228,0.970592935156578,0.022046809028302153,0.00736025581511984,1
229,0.963431008854831,0.027293809291470884,0.009275181853698123,2
230,0.9618388267704571,0.029252099105473554,0.00890907412406935,1
231,0.9794109434637644,0.01540483845521116,0.005184218081024359,0
232,0.9163189205314701,0.0626665769881586,0.021014502480371147,2
233,0.9435383224367444,0.0421110179394711,0.014350659623784486,2
234,0.9342406508186764,0.04924224302020441,0.01651710616111919,1
235,0.9996455496974712,0.00027250042517031455,8.194987735848938e-05,1
236,0.9996459413512555,0.00026529441028458567,8.876423845986513e-05,0
237,0.9460091981121801,0.040325711100849745,0.013665090786970095,2
238,0.9075141296365687,0.06920886867016494,0.023277001693266262,2
239,0.9275399089384063,0.05424983552001014,0.01821025554158348,1
240,0.9637661640114251,0.027140885815897492,0.009092950172677425,1
241,0.9524771523701097,0.03561446990292863,0.011908377726961756,1
242,0.9143917835742514,0.06695702122217698,0.018651195203571506,2
243,0.6608607429854666,0.339081931530144,5.7325484389428996e-05,0
244,0.9996679248229591,0.00024844336590823074,8.363181113275603e-05,0
245,0.9996395097283651,0.0002775006321462225,8.298963948851905e-05,1
246,0.9621211176003102,0.02841241469897537,0.009466467700714475,2
247,0.9889064757583835,0.008471791640038855,0.002621732601577643,1
248,0.9104080548647026,0.08951559774465657,7.63473906409525e-05,0
249,0.6700424066211259,0.329900943831074,5.6649547800057654e-05,0
250,0.9844766652288637,0.01163449969585372,0.003888835075282549,1
251,0.9266566680750543,0.05471392713847529,0.018629404786470346,2
252,0.9823643451101057,0.01320967324914811,0.004425981640746149,0
253,0.9110351008486793,0.06645912040322952,0.022505778748091145,1
254,0.927050314517783,0.0547538841302742,0.01819580135194282,0
255,0.9100003935463726,0.06717095850934744,0.022828647944280064,0
256,0.9996082426605071,0.00029322805314819866,9.85292863447103e-05,0
257,0.9277405833469461,0.05401805753120254,0.01824135912185126,2
258,0.9994004229978337,0.000460811199910366,0.0001387658022558603,0
259,0.9996290085662187,0.0002792297544203416,9.176167936075266e-05,1
260,0.9615948907228868,0.028748157576785442,0.0096569517003278,1
261,0.9996225899714445,0.0002827068764908647,9.470315206448609e-05,0
262,0.980472852466339,0.014584404571763064,0.004942742961898004,2
263,0.9472175702166362,0.03962634473794417,0.013156085045419633,2
264,0.9644619501676547,0.0265741378458721,0.008963911986473448,2
265,0.9924415591923289,0.005649703485301935,0.0019087373223691283,1
266,0.999668118666014,0.0002489295349227291,8.295179906333217e-05,0
267,0.9196517297838792,0.05986965806087824,0.02047861215524246,2
268,0.9504219201216382,0.03702567099269489,0.012552408885666822,1
269,0.9995616751384567,0.0003280679863881938,0.00011025687515501765,1
270,0.9615353874630442,0.02949862661308526,0.008965985923870412,0
271,0.9091853845211126,0.06786144651786799,0.02295316896101943,2
272,0.9430783762133705,0.04362108367509012,0.013300540111539373,2
273,0.9216464362790063,0.05905681833255864,0.019296745388435038,1
274,0.9630513785740293,0.027622299577644564,0.009326321848326142,1
275,0.9613776253663167,0.028927022439195572,0.009695352194487706,1
276,0.9720562867490601,0.020898841237876335,0.007044872013063598,0
277,0.9996364818723326,0.0002792665633705263,8.425156429675244e-05,0
278,0.9657183591898811,0.025571498557333257,0.008710142252785642,2
279,0.6714629595983315,0.32846748293937905,6.95574622895135e-05,0
280,0.9633438362771783,0.02746336819278407,0.009192795530037448,2
281,0.9522535832759649,0.036035131121251986,0.011711285602782985,2
282,0.9955151139069457,0.003355456967999564,0.0011294291250547586,1
283,0.9767102645984207,0.017398472986410517,0.00589126241516879,1
284,0.9996074762523699,0.00029413150362398853,9.839224400615408e-05,1
285,0.9782449963343957,0.01630823261667115,0.005446771048933287,0
286,0.9364178131206568,0.047681704788637674,0.015900482090705596,1
287,0.9508158413145861,0.03677261920716123,0.012411539478252704,0
288,0.9865057354156449,0.010103748597208579,0.003390515987146472,1
289,0.9996013141587594,0.0003073740765741384,9.131176466645051e-05,0
290,0.9206179298033884,0.05937848208267343,0.020003588113938073,1
291,0.999588545164255,0.0003093564189255079,0.00010209841681931983,1
292,0.9576936489104805,0.03160052361067567,0.010705827478843757,0
293,0.9996373282721384,0.0002788229462259812,8.384878163560935e-05,0
294,0.9259075226083494,0.05536811803048986,0.01872435936116083,2
295,0.9989520829729108,0.0007874834147088376,0.000260433612380369,0
296,0.9996617798017591,0.00025318441590915406,8.503578233173401e-05,0
297,0.9996070772134804,0.0002938427899419926,9.907999657747316e-05,0
298,0.9634957717626128,0.02726727350624221,0.009236954731144794,2
299,0.4685861421421628,0.5313746763150473,3.918154278981969e-05,0
300,0.9646918515768302,0.026522914296269896,0.008785234126899912,2
301,0.9995219288159778,0.0003856708506787476,9.240033334335446e-05,0
302,0.9996639776646219,0.0002515444906420477,8.447784473599544e-05,1
303,0.9390825673721617,0.04574466590078614,0.015172766727052176,2
304,0.9552312121487972,0.03344905450268538,0.011319733348517418,2
305,0.9994745617679824,0.0004245449060993941,0.00010089332591816497,0
306,0.9478813963628155,0.03898006867347863,0.01313853496370588,2
307,0.9993802025216086,0.00047770281533055994,0.00014209466306081358,0
308,0.9995592491699599,0.00033850284122703916,0.00010224798881303731,0
309,0.9588280192663924,0.030835369810551214,0.010336610923056195,2
310,0.9996308283236204,0.00027684514009697196,9.232653628269715e-05,0
311,0.9400715282154288,0.04481070113032702,0.015117770654244045,2
312,0.999606795757391,0.0002949780270500431,9.822621555905642e-05,1
313,0.9996356769726852,0.0002799311644430234,8.439186287187038e-05,0
314,0.9994907584689031,0.00039205781016353117,0.0001171837209333431,1
315,0.9996362269323638,0.0002794505970461851,8.432247059007801e-05,0
316,0.9874993756802763,0.009377570267705252,0.003123054052018393,0
317,0.9996683775872633,0.0002478716149299801,8.3750797806744e-05,0
318,0.9996418210039701,0.0002679291503021871,9.02498457275186e-05,1
319,0.9386029934108213,0.04589535393014952,0.015501652659029187,2
320,0.996093958703114,0.002922862839081687,0.0009831784578043694,0
321,0.9996283580063591,0.00027801592735777954,9.362606628326832e-05,0
322,0.9956662403180334,0.0032387606017503633,0.0010949990802161672,1
323,0.9301937692276417,0.0536217296171194,0.016184501155238784,2
324,0.9659878524053275,0.025424506978084696,0.008587640616587842,2
325,0.9503040854097717,0.03822601792353159,0.011469896666696573,2
326,0.9996356820221267,0.00027929965419471505,8.501832367870194e-05,0
327,0.9104492709777873,0.06723359665147478,0.022317132370737923,2
328,0.9250963586877176,0.055922909296691185,0.018980732015591178,1
329,0.999635913845684,0.0002733360572691364,9.075009704682007e-05,0
330,0.9086231175564871,0.06907441475888634,0.022302467684626626,2
331,0.9989141161192346,0.0008317366392847572,0.0002541472414805556,2
332,0.9927939674248332,0.0053874184036487435,0.0018186141715181778,0
333,0.9996402118321983,0.00027132791144409953,8.846025635754147e-05,0
334,0.9533583607945895,0.03483740171215496,0.01180423749325565,1
335,0.9404288632408873,0.044600043962634006,0.014971092796478831,1
336,0.999588212061562,0.00031752969312135343,9.425824531653329e-05,0
337,0.9995688383606058,0.0003318177837840144,9.934385561008815e-05,0
338,0.9626738146368069,0.0279421620066548,0.009384023356538143,2
339,0.9828122107103218,0.012862578168988665,0.00432521112068951,1
340,0.9820675420161402,0.013421557121625665,0.004510900862234072,1
341,0.9899193499314761,0.007584553380378107,0.00249609668814564,2
342,0.9579736652893214,0.031374844473897434,0.010651490236781223,2
343,0.9986128125537019,0.001039622133832245,0.0003475653124659044,0
344,0.977776067413482,0.016614187477842768,0.005609745108675163,2
345,0.997129356533174,0.002142668449110738,0.0007279750177151959,0
346,0.9839131975500339,0.012020237335955818,0.004066565114010364,1
347,0.9995525046700495,0.00033548656200957366,0.0001120087679409077,0
348,0.999607206303284,0.0002939107906672998,9.888290604856353e-05,1
349,0.9925797078453409,0.005554391882811743,0.001865900271847513,1
350,0.9421731085409173,0.04452985333758737,0.01329703812149539,1
351,0.9559592566408842,0.03313421484111061,0.010906528518004971,1
352,0.999667748575265,0.00024858013525601806,8.367128947900658e-05,0
353,0.980483758621372,0.014583610740082154,0.004932630638545812,1
354,0.9995098532846165,0.0003768248640440034,0.00011332185133951441,1
355,0.9185745504711207,0.06073237019772809,0.020693079331151255,2
356,0.9995895878296497,0.00030685402616448764,0.00010355814418570821,0
357,0.999656808455088,0.00025676670148530383,8.642484342671841e-05,0
358,0.9996648355751127,0.00025142287077877955,8.374155410867168e-05,0
359,0.9975105091996229,0.0018644059006722,0.0006250848997048642,1
360,0.9996244488456013,0.00028846721395939885,8.708394043935423e-05,0
361,0.27038313547795495,0.729580937753422,3.592676862320205e-05,0
362,0.9996017149487713,0.00029886523218827077,9.941981904051194e-05,0
363,0.9637527135239575,0.027110880633857554,0.009136405842184902,2
364,0.2527738259259933,0.7471892309224454,3.6943151561221176e-05,0
365,0.9633542130686448,0.027412450259581715,0.009233336671773399,1
366,0.9996119158378427,0.0002909321405833362,9.71520215739572e-05,0
367,0.9283991342744498,0.053727332974688194,0.01787353275086193,2
368,0.9855834671476392,0.011102985451462153,0.0033135474008986277,1
369,0.9996058697982001,0.0002951512689184963,9.897893288139843e-05,0
370,0.9423004787444615,0.043250479700305905,0.014449041555232583,2
371,0.9306582144307799,0.0517059204603849,0.017635865108835257,2
372,0.6529823054964596,0.34695879849538486,5.889600815550662e-05,0
373,0.9996606331183425,0.00025448743699562205,8.487944466187232e-05,0
374,0.9795087471930627,0.015486191733696269,0.00500506107324105,2
375,0.9996489812035658,0.0002667837025171716,8.423509391703224e-05,0
376,0.9996138257808982,0.00029668585930451777,8.948835979704298e-05,0
377,0.9996270472488998,0.0002791093555707333,9.38433955295534e-05,0
378,0.9104786578409227,0.06715960715802625,0.02236173500105098,2
379,0.9553395330767636,0.03366684937994185,0.010993617543294637,2
380,0.9094695711151392,0.06757187143249467,0.022958557452366093,2
381,0.9602983700508907,0.02963179746229668,0.010069832486812707,2
382,0.9570118634683693,0.032323663734721356,0.01066447279690943,1
383,0.9632985935080751,0.027417528001965882,0.009283878489959178,2
384,0.9285703103819191,0.05460899741189859,0.016820692206182316,1
385,0.9576339387110235,0.031656824835903125,0.010709236453073373,2
386,0.9996359639127462,0.00027973371030969794,8.430237694419041e-05,0
387,0.9996175197764042,0.0002937483172720952,8.873190632389354e-05,0
388,0.9304265976301762,0.05202909221841375,0.017544310151410142,2
389,0.947608092189351,0.03937999012689979,0.013011917683749187,2
390,0.9864094940257648,0.010151075812011684,0.0034394301622233635,2
391,0.9996617169467822,0.0002531629186197899,8.512013459794791e-05,0
392,0.9955521805067672,0.003419504036448154,0.0010283154567847044,1
393,0.999600329824005,0.0002993278711053922,0.00010034230488954053,0
394,0.9993296093439618,0.0005017214041647295,0.00016866925187356452,0
395,0.9996633311843219,0.00025216736009664887,8.450145558143722e-05,0
396,0.26704151989847213,0.7329358295877206,2.2650513807311657e-05,0
397,0.26708771385010266,0.7328895575078919,2.2728642005483586e-05,0
398,0.9993540784769933,0.00048358365826408164,0.00016233786474250604,1
399,0.9996167767445232,0.00030045971849194817,8.276353698492685e-05,0
400,0.953464429535294,0.03479283848938187,0.011742731975324109,2
401,0.9996652740344346,0.00025037130426793327,8.435466129742592e-05,0
402,0.9995394734929105,0.00037178605509839024,8.874045199109658e-05,1
403,0.9633720820173197,0.027429637207416934,0.009198280775263357,1
404,0.9995793465206471,0.00032924576266473257,9.14077166882976e-05,0
405,0.9492609823699298,0.037903231602800284,0.012835786027269815,2
406,0.9993429203024881,0.0005293043751963189,0.00012777532231579951,0
407,0.9841067039286527,0.011884609386955774,0.004008686684391444,1
408,0.9624858003007104,0.028288746024431693,0.009225453674857855,1
409,0.9995907902518973,0.0003071278543788264,0.00010208189372386439,1
410,0.9995178814203923,0.0003695262746269305,0.0001125923049807707,0
411,0.9840809158038323,0.011920672201323724,0.003998411994843961,1
412,0.9996088529240166,0.00029409609382872207,9.705098215461763e-05,0
413,0.907813878937192,0.06899187881301573,0.02319424224979224,2
414,0.9671969292681114,0.024585461967949612,0.008217608763939052,1
415,0.9652149331281691,0.02606571672193955,0.008719350149891558,1
416,0.9996309005493547,0.0002828527896082872,8.624666103706176e-05,0
417,0.9334370029412936,0.04988631364913212,0.016676683409574292,1
418,0.961407251119809,0.02887595960138229,0.00971678927880884,2
419,0.9996172887693678,0.00028878961353528276,9.392161709700053e-05,0
420,0.9125921745213685,0.0652982996624181,0.02210952581621327,2
421,0.9996618673953944,0.0002527730414540152,8.535956315137348e-05,1
422,0.9795346051004676,0.01534347803195927,0.005121916867572897,1
423,0.9788632006089029,0.015823129251729868,0.0053136701393673835,0
424,0.9085496041955917,0.06838305557683874,0.023067340227569573,2
425,0.9996363692056663,0.00027224101325454964,9.138978107899367e-05,0
426,0.9957429083151814,0.003181930182151234,0.0010751615026673717,0
427,0.9744956929831384,0.019075890888122695,0.00642841612873892,1
428,0.949679335339146,0.037942994399705395,0.012377670261148641,2
429,0.9208624474092365,0.05941901664698038,0.019718535943783137,1
430,0.921391758286615,0.058836235613958406,0.01977200609942644,1
431,0.9108815530693387,0.06659971417885667,0.02251873275180466,2
432,0.9622701310737141,0.028175316756504063,0.009554552169782097,2
433,0.9996523467435341,0.00025979349741618357,8.785975904979081e-05,0
434,0.9336927995714621,0.049550945786802726,0.016756254641735212,1
435,0.9995965334237534,0.00030379807908450835,9.966849716202952e-05,1
436,0.9996364508577762,0.00027998182899760716,8.356731322604498e-05,0
437,0.999573876779224,0.00032791529385831026,9.820792691777833e-05,0
438,0.999633050889347,0.00027432810037027037,9.262101028285064e-05,1
439,0.9996638678612133,0.00025205428884658774,8.407784994011253e-05,0
440,0.9637139625846228,0.027117568224477737,0.009168469190899432,2
441,0.42581768737823394,0.5741426571782855,3.965544348037678e-05,0
442,0.9849126981561546,0.011275023521541456,0.003812278322304046,0
443,0.9543887856321858,0.03494445036582264,0.010666764001991654,1
444,0.9262969246840079,0.055184102448952804,0.018518972867039327,2
445,0.9996647890188388,0.0002504922862391268,8.471869492207373e-05,0
446,0.9996668672349243,0.00024904465195973004,8.408811311604082e-05,1
447,0.9248195911662141,0.0563570709900835,0.018823337843702305,1
448,0.9631608894650191,0.027572834787553124,0.009266275747427792,2
449,0.9886311181409936,0.008520910348134573,0.0028479715108718417,1
450,0.9633243816897651,0.027592288420488706,0.009083329889746137,2
451,0.963047138251632,0.02762134865952048,0.009331513088847472,2
452,0.9871694628029599,0.009602574550897794,0.003227962646142286,1
453,0.99963431148953,0.00028177366019703124,8.391485027297292e-05,1
454,0.9910758572622111,0.006674863761312459,0.002249278976476285,1
455,0.9965804259609603,0.002558911034676558,0.0008606630043630906,1
456,0.9327485214147595,0.05050090776220732,0.016750570823033148,1
457,0.9295131242856804,0.05278101210658094,0.017705863607738546,2
458,0.9996619998437567,0.0002530414373329751,8.495871891018405e-05,0
459,0.9995653377357763,0.0003505808273970121,8.40814368266397e-05,0
460,0.9202554342583,0.06107643141909652,0.0186681343226035,2
461,0.9629642810148162,0.02766452737155959,0.009371191613624024,1
462,0.9968769146778075,0.0023553548158152904,0.0007677305063772936,0
463,0.9602480220251658,0.029702753189340673,0.010049224785493586,2
464,0.9082035078649122,0.06884990874574066,0.022946583389347217,1
465,0.6881700190537849,0.3117711731496131,5.880779660194559e-05,0
466,0.9996598102742064,0.000256761212657282,8.342851313637518e-05,0
467,0.9081276409082141,0.06882787178575643,0.02304448730602948,1
468,0.9996638710170268,0.0002514769792629967,8.465200371015942e-05,0
469,0.960321527495788,0.02959666636735946,0.01008180613685258,2
470,0.9876904762270697,0.009222592889425656,0.0030869308835046274,2
471,0.9995878293622142,0.00031595846766998794,9.621217011568583e-05,0
472,0.9995717031702711,0.00032834266331309084,9.995416641587012e-05,0
473,0.9996048010064209,0.00029618987353704,9.900912004202255e-05,1
474,0.9242290075049645,0.05663435507733048,0.019136637417705014,2
475,0.9276048565369295,0.0540618086094968,0.018333334853573805,2
476,0.993165394610333,0.005110242235853764,0.0017243631538131723,2
477,0.9961954137064467,0.0029175162823868632,0.0008870700111664539,1
478,0.9996626255976206,0.00025267037657331835,8.470402580601513e-05,0
479,0.9996578949847369,0.0002559347986637741,8.617021659942765e-05,1
480,0.9996667260401069,0.0002486275233743261,8.464643651885916e-05,0
481,0.9117346044146484,0.06587190640861047,0.022393489176741242,1
482,0.6685153716491249,0.3314291420906127,5.548626026232572e-05,0
483,0.9996525306029025,0.0002594698898707335,8.799950722670246e-05,0
484,0.9429961320521478,0.04266341732150199,0.014340450626350233,2
485,0.9110236099065646,0.06653063380038828,0.02244575629304703,1
486,0.9996143628637812,0.00028814691342786175,9.74902227909227e-05,0
487,0.9105374760474867,0.06687896650943508,0.02258355744307809,1
488,0.9996569950922777,0.0002558933095815707,8.711159814077567e-05,0
489,0.9995863041603826,0.00031930317502101266,9.439266459637243e-05,0
490,0.9963295627996579,0.002754514315394301,0.0009159228849477963,2
491,0.9860319409610523,0.010443910725620599,0.003524148313327085,2
492,0.908273431838146,0.0691638275409316,0.022562740620922304,1
493,0.3593399643234728,0.6406282436207684,3.17920557587064e-05,1
494,0.9995995684188513,0.00030099727399829373,9.943430715037023e-05,0
495,0.9996428062432248,0.0002666131083409561,9.058064843423281e-05,0
496,0.9996082679807813,0.000291770535884008,9.996148333466705e-05,0
497,0.9996690109594571,0.00024801517068451283,8.297386985824814e-05,0
498,0.9575958283023018,0.03178467926463564,0.010619492433062523,2
499,0.9233217341396724,0.0572211030531095,0.01945716280721808,2
500,0.96333279166681,0.02734645793249071,0.009320750400699355,2
501,0.9992979671800407,0.0005240530534286479,0.00017797976653057373,0
502,0.9996239698636307,0.00028967154568081355,8.635859068838678e-05,0
503,0.9905974472059043,0.007025516875572702,0.002377035918523091,1
504,0.9852341589855438,0.011052870628829968,0.0037129703856261203,1
505,0.5954297729778829,0.40450160306175365,6.862396036349683e-05,0
506,0.9610807499284181,0.02926191462289261,0.009657335448689276,1
507,0.9994855586289086,0.0003854432464186798,0.00012899812467274808,0
508,0.9628177195238623,0.02778633147008209,0.0093959490060557,2
509,0.9410685871503173,0.04383901979524836,0.015092393054434461,2
510,0.924163498472024,0.05697887052808887,0.01885763099988727,2
511,0.9786442090214306,0.016756290123340806,0.004599500855228526,1
512,0.9995473771906779,0.0003389383838177603,0.00011368442550443548,1
513,0.9237894220284628,0.057207005881164445,0.019003572090372785,2
514,0.9955295878731619,0.004385180695296961,8.523143154102992e-05,1
515,0.9630997004203331,0.027662396921338876,0.009237902658328223,2
516,0.9996087682166067,0.0003017157024628097,8.951608093057608e-05,0
517,0.999574468436459,0.00032702143418782977,9.85101293532086e-05,1
518,0.963047737164996,0.027715692302866708,0.009236570532137339,1
519,0.9989751348609253,0.000789370046841734,0.000235495092233127,1
520,0.986423732474113,0.010471018760339859,0.0031052487655470616,1
521,0.9996345648313737,0.0002817162472346047,8.371892139179647e-05,1
522,0.999572685361864,0.0003448610890227242,8.245354911324342e-05,0
523,0.9438565552925714,0.042085521128872025,0.014057923578556564,1
524,0.9223715925160666,0.058158047990076824,0.01947035949385649,2
525,0.9642327082771762,0.026749335121871897,0.009017956600951707,2
526,0.9437857475988494,0.04209207859951632,0.014122173801634294,2
527,0.9996595588766994,0.00025442967503847626,8.601144826197765e-05,0
528,0.9462483384363772,0.0404500577716633,0.013301603791959405,2
529,0.999654897957697,0.0002586270698792834,8.647497242384823e-05,0
530,0.9108785965613393,0.06672195964852762,0.022399443790133065,1
531,0.9064395606117384,0.07013260922765452,0.023427830160607073,1
532,0.9090067620603008,0.07009914223563639,0.02089409570406262,2
533,0.9995544583768736,0.0003430671060259271,0.00010247451710048362,0
534,0.999662790275008,0.00025270672484919635,8.450300014297904e-05,0
535,0.9108555391115675,0.06646884022146488,0.022675620666967607,2
536,0.9996219892876186,0.0002831742618106879,9.483645057057632e-05,1
537,0.9995258165885402,0.00035747640855862765,0.0001167070029010742,0
538,0.9995788086078704,0.0003232054043955132,9.798598773413017e-05,0
539,0.9994858901610273,0.00038584224074732356,0.00012826759822545094,1
540,0.9015353434663707,0.07574649601892011,0.02271816051470924,2
541,0.9877823075462099,0.009141637502308493,0.003076054951481597,2
542,0.9992831540559006,0.0005365697103882831,0.0001802762337111825,1
543,0.9145994431735432,0.06386437284389807,0.021536183982558674,2
544,0.9983462413205135,0.001235983277237759,0.0004177754022486407,0
545,0.9579341265122729,0.03151803671053842,0.01054783677718862,2
546,0.9996700183895261,0.00024712160973925783,8.286000073477918e-05,0
547,0.9995966758183927,0.00031028845803528665,9.303572357189345e-05,0
548,0.9995780734621222,0.00032516620998675796,9.676032789102804e-05,0
549,0.9996237004061014,0.0002895223643178473,8.677722958083707e-05,0
550,0.9996343633870407,0.0002805655870462573,8.507102591316709e-05,0
551,0.9996426693087698,0.0002751890380624773,8.214165316774705e-05,0
552,0.9882869579776532,0.008776185417366942,0.0029368566049798434,1
553,0.9996101697534056,0.0002994674408490269,9.036280574553373e-05,0
554,0.9570647239267929,0.03208393601906946,0.010851340054137619,2
555,0.9996602613256123,0.0002527451257066171,8.699354868099833e-05,0
556,0.9996360849460169,0.0002728229426934081,9.109211128976872e-05,1
557,0.9995835551821373,0.0003207718421741049,9.567297568861493e-05,0
558,0.9987558553884387,0.0009573915066933296,0.0002867531048679982,1
559,0.9991839265717504,0.0006287325082579701,0.00018734091999154375,1
560,0.6518356112528743,0.3481051606653203,5.922808180556632e-05,0
561,0.9700136708370787,0.022422764083391052,0.0075635650795301875,1
562,0.9945674326140421,0.004061471065783732,0.0013710963201740006,1
563,0.9994957694480203,0.0004069610234001187,9.726952857942347e-05,1
564,0.9447993706596265,0.04130084806782514,0.013899781272548366,1
565,0.9996042463017271,0.00029631541537254914,9.943828290039993e-05,0
566,0.9996378602595789,0.0002787703712980736,8.336936912302282e-05,0
567,0.9189957677769283,0.06057924045459762,0.02042499176847398,2
568,0.9081429099667276,0.06882007012318082,0.023037019910091574,1
569,0.9984021517971977,0.0011946623303662686,0.0004031858724360791,0
570,0.9432240991469176,0.042470888812938354,0.014305012040144068,1
571,0.9996054709267729,0.0002951178921235542,9.941118110357193e-05,0
572,0.999630430757501,0.00028398255901510423,8.55866834839618e-05,0
573,0.9996353825695095,0.00028034289047680985,8.427454001354201e-05,0
574,0.9996539612677388,0.0002587609713324507,8.727776092867441e-05,0
575,0.9521725729642332,0.035999170747857065,0.011828256287909716,1
576,0.6738381720247442,0.3261046028291613,5.7225146094498595e-05,0
577,0.9993403553653789,0.0004955364991300484,0.00016410813549103424,0
578,0.9996577860060551,0.0002569371469395719,8.527684700537102e-05,1
579,0.9994093293325066,0.00044209774483536626,0.00014857292265804217,0
580,0.993371667590731,0.004955331706350108,0.0016730007029189507,1
581,0.9993728126777965,0.00047002427377266256,0.00015716304843072998,0
582,0.9996059350542412,0.0002941504739664706,9.99144717923436e-05,0
583,0.9079238445362033,0.06894794474442467,0.023128210719372086,1
584,0.9995965288292572,0.0003104982584865226,9.297291225631055e-05,0
585,0.9996218349829498,0.00029040823757605,8.775677947413798e-05,1
