,topology,centrality,position,label
0,0.9999412762915194,4.3305515545625714e-05,1.5418192934897527e-05,1
1,0.9821341855900921,0.013150243141190126,0.0047155712687176245,2
2,0.9820349663029437,0.013230362347592286,0.004734671349464123,2
3,0.9999380069176766,4.568143690250039e-05,1.6311645420945926e-05,1
4,0.9562815021486639,0.03223232357728284,0.011486174274053405,2
5,0.999618508006221,0.0002806889877167897,0.00010080300606215169,2
6,0.960932537161007,0.028809351765208848,0.01025811107378412,2
7,0.9975656599106206,0.0017927558539064,0.0006415842354729202,1
8,0.9999260414194084,6.530105350962378e-05,8.657527081966174e-06,0
9,0.9757390897800851,0.017858828542517368,0.00640208167739771,2
10,0.9551578645706457,0.03301535655538014,0.011826778873974242,1
11,0.7832420197744083,0.21675339363046642,4.5865951252401765e-06,0
12,0.9999213389340604,5.7920007136792684e-05,2.074105880276749e-05,0
13,0.9815555945370733,0.01359456574806982,0.004849839714856915,2
14,0.9999768706383999,1.6987622548319047e-05,6.1417390517574595e-06,0
15,0.9998443348945152,0.0001147733133763758,4.08917921084555e-05,1
16,0.9608105046263509,0.028872548680920873,0.01031694669272832,1
17,0.9999775879369267,1.632792270136839e-05,6.0841403719504115e-06,0
18,0.9992194870949924,0.0005748568077533484,0.0002056560972541168,1
19,0.9545710727823541,0.03346710282553698,0.011961824392108841,2
20,0.9999767009427206,1.705618388741882e-05,6.242873392133548e-06,0
21,0.9760975820781043,0.023896497207099035,5.92071479677447e-06,0
22,0.9796801283413534,0.01495092092343202,0.005368950735214458,2
23,0.9997847347337357,0.00015873105696033866,5.653420930385547e-05,1
24,0.955853531266383,0.03255538082543843,0.011591087908178664,1
25,0.18017993660719198,0.8198164738093543,3.5895834538213966e-06,0
26,0.9822391805973358,0.013090575161335034,0.004670244241329018,2
27,0.9994772469163895,0.00038519917928532473,0.00013755390432530407,0
28,0.9999676919854975,2.3778023660518428e-05,8.529990841817778e-06,0
29,0.9649857222579812,0.02579727781495616,0.009216999927062732,2
30,0.9629623344248098,0.027301451990629538,0.009736213584560695,2
31,0.9619303480507052,0.02807496323508098,0.009994688714213768,1
32,0.9692930719513668,0.022641883059002905,0.00806504498963026,2
33,0.9592049962168171,0.03007850415110266,0.010716499632080144,2
34,0.982079916507571,0.013208683523316354,0.004711399969112774,2
35,0.9943691400819779,0.004143512861879223,0.001487347056142901,0
36,0.9696597414219329,0.022370820374445353,0.007969438203621787,2
37,0.9657126831782984,0.02524335750175248,0.00904395931994906,2
38,0.9575917294385088,0.031246397977995662,0.011161872583495661,1
39,0.9707815164895518,0.02152985544554103,0.007688628064907138,2
40,0.9999708009620151,2.147818510455433e-05,7.720852880396165e-06,0
41,0.9999585188199066,3.0550901850098965e-05,1.0930278243307759e-05,0
42,0.9766445622958408,0.01720286861411848,0.006152569090040666,2
43,0.9821717105624486,0.013110159494187196,0.0047181299433644444,2
44,0.9600545437040646,0.029401952378847684,0.010543503917087575,2
45,0.9575318074672031,0.03126678388242494,0.011201408650371841,2
46,0.9769914131386411,0.016961257987140443,0.006047328874218251,2
47,0.9819229802454676,0.013324183736359787,0.004752836018172565,2
48,0.9822455402726848,0.013070936461566467,0.004683523265748702,2
49,0.9814779645364079,0.013664359063342128,0.004857676400249786,2
50,0.9816889850103677,0.013495335903062155,0.004815679086570161,2
51,0.9816017854241064,0.013551678137792428,0.004846536438101407,1
52,0.9668933204547593,0.02438456695704604,0.008722112588194806,2
53,0.9791109545103373,0.015396927238840797,0.005492118250822141,2
54,0.9816055693602724,0.013561127192413092,0.0048333034473144534,2
55,0.9572572057763713,0.031471612189723365,0.011271182033905279,1
56,0.38460156632731246,0.6153957570423115,2.676630375948302e-06,0
57,0.9818423402703564,0.013381420552387458,0.0047762391772560855,2
58,0.9810119007508264,0.01402004240406015,0.00496805684511343,2
59,0.9999133786605044,6.375488865808451e-05,2.286645083732568e-05,0
60,0.9755437531706794,0.018010580656470394,0.006445666172850261,0
61,0.9915745487078271,0.006169898009464883,0.0022555532827080414,1
62,0.9817312792685484,0.013455607607633986,0.004813113123817675,2
63,0.9590089114579564,0.030225398835734052,0.010765689706309664,1
64,0.9832596900811291,0.012339354254086589,0.004400955664784302,1
65,0.9816211515795565,0.013546958569035407,0.004831889851407934,2
66,0.9842612888386738,0.01158727594816487,0.004151435213161355,2
67,0.983367707461984,0.012274799890392101,0.004357492647623908,1
68,0.9551375376275364,0.03305517055463921,0.01180729181782443,2
69,0.9672050221566176,0.024158453113173533,0.008636524730208846,2
70,0.9818578870192908,0.013356355630888562,0.004785757349820807,2
71,0.9555841038424845,0.032694205490776916,0.01172169066673858,2
72,0.9795052946667521,0.015085953296676412,0.005408752036571616,0
73,0.9814391988643784,0.01368360409246861,0.0048771970431530295,2
74,0.9698307782394552,0.02221526177505459,0.007953959985490222,1
75,0.999912829707397,6.400162821215627e-05,2.316866439092363e-05,0
76,0.9815826209293032,0.013585904831918023,0.004831474238778894,2
77,0.9830691972925205,0.012488818099781774,0.0044419846076975454,2
78,0.990357382852294,0.007099041195211741,0.002543575952494217,1
79,0.9591072100131838,0.030130376579339504,0.01076241340747666,1
80,0.9869629781782154,0.009612297524941842,0.0034247242968427002,1
81,0.9809770947421653,0.014011990253270682,0.005010915004563884,2
82,0.9999737857232778,1.9255397443778417e-05,6.958879278429093e-06,0
83,0.9956445501568209,0.003209230834561383,0.001146219008617633,0
84,0.9739945588933084,0.019161540191953867,0.0068439009147376086,2
85,0.9999746032770139,1.86697028025517e-05,6.727020183690842e-06,1
86,0.9829786959018308,0.012549616293990712,0.004471687804178356,2
87,0.9999666666067958,2.450532458881918e-05,8.828068615395325e-06,0
88,0.9594266044046612,0.029898033441315686,0.010675362154022898,2
89,0.9804807375249169,0.014374469834762,0.005144792640321004,2
90,0.9638419294864298,0.026619222660415328,0.009538847853155055,2
91,0.9853253718205163,0.010817397535007763,0.00385723064447593,1
92,0.9773269904144867,0.02266738784134167,5.621744171581805e-06,0
93,0.9998429025437953,0.0001157673973593205,4.133005884550141e-05,1
94,0.9791631133740812,0.0153552966472076,0.005481589978711115,2
95,0.9828812654106192,0.012608241108510988,0.004510493480869919,2
96,0.7850061757430983,0.2149892557782145,4.568478687189634e-06,0
97,0.995425051032641,0.0033690272899469416,0.0012059216774120967,1
98,0.958615720378663,0.030519115773913023,0.01086516384742395,2
99,0.9666049774253794,0.024606810378039256,0.00878821219658114,2
100,0.9997945358086351,0.00015123141664754385,5.423277471731362e-05,0
101,0.98229642912014,0.013028489889879898,0.004675080989980094,2
102,0.9996674273696737,0.00024489142708150553,8.768120324469968e-05,0
103,0.9740738768721189,0.019101701746396697,0.006824421381484436,2
104,0.9932229335267178,0.004997589459498663,0.0017794770137834618,1
105,0.9741300066744369,0.019067220648217597,0.006802772677345681,1
106,0.9568630032952711,0.03176515632605688,0.011371840378672131,2
107,0.9639499998285189,0.026579445712678285,0.009470554458802861,0
108,0.9557941079180621,0.032580593709140446,0.011625298372797523,2
109,0.9816903088029085,0.01349453201809944,0.004815159178992142,1
110,0.999960541464162,2.9100985816761796e-05,1.0357550021348932e-05,1
111,0.9665733477167173,0.024634705364661467,0.008791946918621214,1
112,0.990805126777583,0.006769550829523508,0.0024253223928934107,1
113,0.9857434838549859,0.01042884963175616,0.0038276665132579222,2
114,0.9842582907105459,0.011595992691559814,0.004145716597894351,2
115,0.983031067933462,0.012498135196500568,0.004470796870037352,1
116,0.9999774371902448,1.6478103545998033e-05,6.084706209225012e-06,0
117,0.9999488745006614,3.7696799142883134e-05,1.3428700195581895e-05,1
118,0.9829659248074494,0.0125469688958104,0.0044871062967401535,2
119,0.959467103507581,0.0298527796353978,0.01068011685702123,1
120,0.9995332852830967,0.0003439150053211095,0.00012279971158211757,0
121,0.9999769023626858,1.6958660860685856e-05,6.13897645356818e-06,0
122,0.9761729964852696,0.017562802588806683,0.006264200925923769,1
123,0.9999639005489879,2.647402836235193e-05,9.625422649779802e-06,1
124,0.9999715924489015,2.0870253164017566e-05,7.537297934362655e-06,0
125,0.9819171304030322,0.013327450772238819,0.004755418824728931,2
126,0.9817133517120856,0.0134815035480885,0.004805144739825914,2
127,0.9822944736136248,0.013046704817517992,0.004658821568857265,2
128,0.9737058959012631,0.01939799021818575,0.006896113880551178,2
129,0.9818970296262847,0.013339613674419092,0.004763356699296173,2
130,0.9704205702254051,0.021803326781673592,0.007776102992921258,2
131,0.958495048913214,0.030523867217225636,0.010981083869560314,1
132,0.9880389085770231,0.008797305273846966,0.0031637861491298678,1
133,0.9564861810316704,0.0320268696434325,0.01148694932489709,1
134,0.9999615425389717,2.7965508030542108e-05,1.0491952997720375e-05,0
135,0.9782700698990731,0.0160198403537663,0.005710089747160826,1
136,0.9965331889471253,0.0025541089343247302,0.0009127021185500767,1
137,0.982039798303492,0.013232024755377344,0.004728176941130717,2
138,0.9687060618608637,0.023055199799777566,0.008238738339358719,1
139,0.9814051004674793,0.013702311277851601,0.004892588254669023,2
140,0.9847320152176035,0.011246166289234572,0.004021818493161994,2
141,0.9848519057863306,0.011164180792388036,0.003983913421281359,2
142,0.9688297895232899,0.022937785764656143,0.008232424712053932,1
143,0.9999518074561686,3.547788502616383e-05,1.2714658805252944e-05,0
144,0.9808235033003263,0.01412455067382365,0.005051946025849937,1
145,0.9561650055557508,0.03232427470211572,0.011510719742133368,2
146,0.986624882138711,0.009856647136218755,0.003518470725070201,2
147,0.9746721034648326,0.018675661356344714,0.006652235178822637,1
148,0.9999735828113371,1.945450442224843e-05,6.962684240727927e-06,0
149,0.9998953373964357,7.720336080890691e-05,2.7459242755530022e-05,1
150,0.9782187496469809,0.01605273049021085,0.005728519862808331,1
151,0.9820270040315439,0.013264176363486998,0.004708819604969104,1
152,0.9895297502902518,0.007717630847184283,0.002752618862563946,0
153,0.9789430879974987,0.015527101071161023,0.00552981093134024,2
154,0.9820918540095651,0.013194270220774641,0.004713875769660352,2
155,0.9979163800676534,0.0015347172089249272,0.0005489027234218726,1
156,0.9850930240427253,0.010985571421140112,0.003921404536134542,2
157,0.9787358780058585,0.015677287474891593,0.00558683451924988,1
158,0.9654189060708847,0.025501078613977827,0.009080015315137501,2
159,0.9688355448669486,0.022955885424402064,0.00820856970864934,2
160,0.9999524066622443,3.50510921898865e-05,1.25422455658179e-05,0
161,0.9578124042955942,0.031118045320167053,0.011069550384238758,1
162,0.9691550521041263,0.022727095979998484,0.008117851915875282,2
163,0.9830040777260528,0.012513227566953502,0.004482694706993637,2
164,0.9980365403313107,0.0014471705441633804,0.0005162891245257591,1
165,0.32881449094729137,0.6711829938618205,2.5151908881269305e-06,0
166,0.9808579460121337,0.014111060686294193,0.005030993301572027,2
167,0.9761081245218105,0.017577914731390414,0.006313960746799111,2
168,0.9576250440507106,0.031242540351202143,0.01113241559808738,1
169,0.9578375058559931,0.031086809228083368,0.011075684915923346,2
170,0.994699941313755,0.003906698634047405,0.0013933600521975808,1
171,0.968173107804978,0.023481758418214923,0.008345133776806925,1
172,0.9680462087426601,0.023537344995597766,0.008416446261742198,0
173,0.9792046078426485,0.015342008264971048,0.005453383892380415,2
174,0.9769466749250745,0.016989977244528505,0.006063347830397076,1
175,0.9996848127596022,0.00023221305523200925,8.297418516570082e-05,0
176,0.9868963858934272,0.009657377240729851,0.0034462368658427834,1
177,0.981140675143077,0.013889328207717641,0.004969996649205501,2
178,0.9817718742652896,0.013427205233359338,0.004800920501351047,2
179,0.9983612427157135,0.0012083563550343529,0.0004304009292523103,1
180,0.9822444546716258,0.013099609449945968,0.004655935878428395,1
181,0.982307971423991,0.013034838444330546,0.0046571901316785165,1
182,0.9999537426274075,3.4084953415461435e-05,1.2172419177079718e-05,0
183,0.9845610668084261,0.011364415068543233,0.004074518123030576,1
184,0.9996927428731619,0.00022625598439076638,8.100114244728508e-05,0
185,0.9999772084651334,1.6634356771727955e-05,6.1571780949549945e-06,0
186,0.9816515893199697,0.013521263782772443,0.004827146897257864,2
187,0.9820739908145487,0.013202927454248283,0.004723081731202925,2
188,0.9579461838427369,0.03099612124372184,0.011057694913541288,2
189,0.9579710900889857,0.030964568069365754,0.01106434184164849,2
190,0.984451603140756,0.011471718917471396,0.004076677941772592,1
191,0.987154586047569,0.009469226516279648,0.003376187436151296,1
192,0.982543053827095,0.012870994223717926,0.004585951949187026,2
193,0.9817777047195698,0.013432804910925205,0.004789490369504968,1
194,0.9678874591110982,0.023677180259438116,0.008435360629463678,2
195,0.999722990362995,0.00020290458980668007,7.410504719830535e-05,1
196,0.9928204069153954,0.005290324768593987,0.001889268316010684,2
197,0.9999761898068814,1.7429314863304353e-05,6.380878255412017e-06,0
198,0.9839554297476667,0.011834762116372823,0.004209808135960624,2
199,0.9628251841415956,0.0273995767470782,0.009775239111326323,2
200,0.9832307800474737,0.012350723538200355,0.004418496414326068,2
201,0.9999621274464587,2.7886343016227723e-05,9.986210525014289e-06,1
202,0.9825585133925326,0.012860244401008433,0.0045812422064589065,2
203,0.9999590171408376,3.020540708645923e-05,1.077745207593213e-05,1
204,0.9999643546479738,2.6276492852976675e-05,9.368859173187691e-06,1
205,0.964061470516765,0.02645941380041643,0.009479115682818506,2
206,0.9750799650605881,0.01837112357916733,0.006548911360244602,2
207,0.9999756596673165,1.791072850471739e-05,6.429604178666256e-06,1
208,0.9774266515917147,0.016637424519432807,0.005935923888852574,1
209,0.9994790026273437,0.00038414628203745484,0.0001368510906189773,0
210,0.9999592926526323,2.9778996528630816e-05,1.0928350839051232e-05,0
211,0.9574363615755981,0.03135730963859118,0.011206328785810682,1
212,0.999928061631273,5.29728410183365e-05,1.8965527708656828e-05,0
213,0.9821468744984861,0.01315903290317851,0.004694092598335344,2
214,0.9996395131921244,0.00026527658830532487,9.521021957015435e-05,0
215,0.00030348752465928576,0.9996926860979981,3.82637734261653e-06,0
216,0.9998834615316061,8.589882217194288e-05,3.063964622192681e-05,0
217,0.9999759513095131,1.763123021155483e-05,6.417460275375479e-06,0
218,0.9999009253336295,7.265250860530259e-05,2.642215776506273e-05,1
219,0.9999276048261645,5.3340130047336636e-05,1.9055043788083527e-05,0
220,0.9999659723146802,2.5074942969478103e-05,8.952742350284678e-06,0
221,0.959650679236235,0.029731729263370987,0.010617591500393972,1
222,0.9837322795807638,0.011999452612385761,0.004268267806850404,0
223,0.9775842400355803,0.01651545965443159,0.005900300309988209,1
224,0.999958668590519,3.0437040400575822e-05,1.0894369080357327e-05,0
225,0.9658526215498145,0.02515859456692994,0.008988783883255396,1
226,0.9899600827326812,0.007396192464992985,0.0026437248023258304,1
227,0.9999357451938939,4.7042297803073205e-05,1.72125083030311e-05,0
228,0.9947755071666454,0.0038538585926678856,0.001370634240686577,1
229,0.9820190962844156,0.013256798767411695,0.00472410494817255,2
230,0.9802614309175147,0.014540899837410472,0.005197669245074765,1
231,0.9999423335738051,4.24342029728453e-05,1.5232223222044396e-05,0
232,0.9571329111252572,0.031594546335973105,0.011272542538769546,2
233,0.9804813133352837,0.014366009835899559,0.005152676828816842,2
234,0.9759167043375974,0.017748258372146292,0.006335037290256288,1
235,0.9999776490926212,1.6464748596451406e-05,5.886158782331263e-06,1
236,0.9999712344050365,2.1216003176298917e-05,7.549591787168205e-06,0
237,0.96577117326406,0.0252502977659512,0.008978528969988625,2
238,0.9609326130541076,0.02882459882335473,0.010242788122537545,2
239,0.9826387432763549,0.012795929531567779,0.004565327192077219,1
240,0.9833900201995274,0.012238708693544488,0.004371271106928228,1
241,0.9648217092542711,0.025952996204918314,0.009225294540810532,1
242,0.049079193218305034,0.9506869506119134,0.00023385616978152966,2
243,0.3434856235010269,0.6565114981576949,2.8783412780138495e-06,0
244,0.9999690981526053,2.265293508824394e-05,8.248912306522929e-06,0
245,0.9987672766184373,0.0009026938903889214,0.00033002949117372286,1
246,0.9821005634861197,0.013196447805339346,0.004702988708540929,2
247,0.9764242296539082,0.0173652681206083,0.0062105022254835855,1
248,0.9999780073757367,1.6192251496641255e-05,5.800372766593745e-06,0
249,0.3988678393302865,0.6011295337077948,2.6269619187088507e-06,0
250,0.9996502616938412,0.00025777954707680587,9.19587590820336e-05,1
251,0.9635874371954876,0.026818123745956046,0.009594439058556363,2
252,0.9829445692085835,0.012559553162248615,0.004495877629167793,0
253,0.9612305095920123,0.028586101700257764,0.010183388707730008,1
254,0.9754341761139375,0.018100909427244474,0.006464914458817953,0
255,0.9572826355914975,0.031527438915929316,0.011189925492573288,0
256,0.9999475629171827,3.867434663219194e-05,1.3762736185231513e-05,0
257,0.9617649360638558,0.028190153631387316,0.010044910304756915,2
258,0.9999761443911006,1.7478155770373062e-05,6.377453129202956e-06,0
259,0.9999595459894762,2.96908031078892e-05,1.0763207415873075e-05,1
260,0.983301128956297,0.012316042890613294,0.00438282815308958,1
261,0.9998769411537509,9.061911957619536e-05,3.243972667274175e-05,0
262,0.9952580186141601,0.003495752338268574,0.0012462290475714279,2
263,0.9805675535223849,0.014309008492955732,0.005123437984659363,2
264,0.9628460063090685,0.027367007070068936,0.009786986620862612,2
265,0.9999226946214069,5.6895727128940084e-05,2.040965146412492e-05,1
266,0.9999694049144523,2.2484500279601284e-05,8.110585268048706e-06,0
267,0.9571369380894418,0.031572501801249535,0.011290560109308621,2
268,0.9728339517497403,0.020029202731886978,0.007136845518372756,1
269,0.9988727504450287,0.0008298823376664674,0.00029736721730485666,1
270,0.9836222196079359,0.012064168688090486,0.004313611703973507,0
271,0.9804008357173699,0.014449632896572362,0.005149531386057596,2
272,0.962119893938387,0.02758135103520076,0.010298755026412148,2
273,0.9576477356073875,0.031172812793935283,0.011179451598677233,1
274,0.9841409506349375,0.011675722520822315,0.004183326844240395,1
275,0.9684923773459049,0.023218530107032603,0.008289092547062449,1
276,0.9999076965015665,6.799630894065598e-05,2.430718949268149e-05,0
277,0.9999717770416287,2.064413033911637e-05,7.578828032118589e-06,0
278,0.9821840631528144,0.01312576500686004,0.0046901718403256345,2
279,0.0004354100974529556,0.9995602226214868,4.367281060114489e-06,0
280,0.9836276618839814,0.012066438076890345,0.004305900039128282,2
281,0.9758398298167192,0.01781339706595604,0.006346773117324761,2
282,0.985947119971436,0.010357691140706761,0.003695188887857299,1
283,0.9905278867018584,0.006969619451902891,0.0025024938462386457,1
284,0.9996331991490784,0.0002702376905623805,9.656316035906608e-05,1
285,0.9999721387344831,2.050989339158214e-05,7.351372125276151e-06,0
286,0.9877320964299771,0.00904255313067003,0.003225350439352904,1
287,0.985021031131056,0.011039444747817843,0.00393952412112621,0
288,0.9924853974482123,0.005538043782703766,0.001976558769083965,1
289,0.9999762683365032,1.732641506705411e-05,6.405248429693203e-06,0
290,0.9598124344700399,0.02961704996386871,0.01057051556609134,1
291,0.999609511308824,0.00028788865345720835,0.00010260003771872906,1
292,0.9868780836822487,0.009673440285641278,0.0034484760321101438,0
293,0.9999664327509212,2.4677908356277723e-05,8.889340722493513e-06,0
294,0.979425011469501,0.015172659879300844,0.005402328651198206,2
295,0.9999411943190514,4.3343968495030635e-05,1.546171245371871e-05,0
296,0.9999710693403544,2.1301389952683142e-05,7.629269692814098e-06,0
297,0.9999744488662905,1.8834602973476524e-05,6.716530735996307e-06,0
298,0.9820875361894975,0.01320007022870306,0.00471239358179931,2
299,0.9999312027004386,6.0785030163854895e-05,8.012269397675943e-06,0
300,0.9826372711969847,0.01279362324269141,0.00456910556032399,2
301,0.7405628273285944,0.25943163487207554,5.537799330027422e-06,0
302,0.9999459334467153,3.9826473337368515e-05,1.424007994725531e-05,1
303,0.9608362060449487,0.02886019127049827,0.010303602684553033,2
304,0.9817642128285202,0.013416194679660738,0.004819592491819081,2
305,0.7847286977916921,0.2152666951532122,4.607055095724366e-06,0
306,0.9786849462295626,0.0156946134020551,0.005620440368382448,2
307,0.9999778048338164,1.62584533222367e-05,5.936712861299141e-06,0
308,0.9997670830344975,0.00017080700709671022,6.210995840582416e-05,0
309,0.9836848826714548,0.012024860152008382,0.004290257176536735,2
310,0.9999727591266206,2.008733438806931e-05,7.153538991274967e-06,0
311,0.9811055203958918,0.013920472186083676,0.004974007418024465,2
312,0.9962998471800721,0.002726771200522716,0.0009733816194051768,1
313,0.9999641455944623,2.6154510323804662e-05,9.699895213902207e-06,0
314,0.9999734347774819,1.95352038804629e-05,7.030018637850369e-06,1
315,0.999970002171309,2.19547356453037e-05,8.043093045508746e-06,0
316,0.9997507997642167,0.00018374378152655272,6.545645425687042e-05,0
317,0.9999564438470141,3.2057436701802834e-05,1.14987162840545e-05,0
318,0.9999067122474057,6.870838852572978e-05,2.457936406862252e-05,1
319,0.9575463634442952,0.03126856711319317,0.011185069442511563,2
320,0.9990783096980158,0.0006787093949256263,0.00024298090705839872,0
321,0.9999428886311843,4.213468816131857e-05,1.4976680654450637e-05,0
322,0.9956948284344834,0.0031700545875264245,0.0011351169779900536,1
323,0.9822565574789066,0.013021706101124393,0.0047217364199688945,2
324,0.9819824468450312,0.01329326331786669,0.0047242898371021086,2
325,0.9828386322104176,0.012595152865896884,0.004566214923685618,2
326,0.999932119949744,4.9499629728315976e-05,1.8380420527552715e-05,0
327,0.9820699825241436,0.013205149111120728,0.004724868364735721,2
328,0.9588704957173841,0.030310896631751974,0.010818607650863904,1
329,0.9998504162178579,0.00011032065062551772,3.926313151675161e-05,0
330,0.9763385287130341,0.01742420985251219,0.0062372614344536614,2
331,0.9989929125270934,0.0007421958087922408,0.00026489166411405645,2
332,0.9940221047996585,0.004400500801427654,0.0015773943989138618,0
333,0.9999358666238632,4.72619383036762e-05,1.68714378331863e-05,0
334,0.9993008251654228,0.0005149614059234292,0.00018421342865374064,1
335,0.9585209108591064,0.030548323505784847,0.010930765635108834,1
336,0.9999776097996345,1.6322491383940957e-05,6.067708981680769e-06,0
337,0.9999696935322505,2.2045758283769353e-05,8.260709465622427e-06,0
338,0.9832573216873649,0.012330463545967275,0.004412214766667898,2
339,0.9797182003069652,0.014939965076784974,0.005341834616249789,1
340,0.9910031391536438,0.006617713101564321,0.002379147744791758,1
341,0.9601022897623421,0.02938886573517618,0.010508844502481646,2
342,0.9827066132546874,0.012743752152202883,0.004549634593109753,2
343,0.9997274947898444,0.00020082521804082882,7.167999211486781e-05,0
344,0.9903511432021763,0.007105827427451479,0.0025430293703720425,2
345,0.9995675516893253,0.00031851839080452904,0.00011392991987005647,0
346,0.9859320831377464,0.010361390273986401,0.003706526588267138,1
347,0.9999540063954316,3.391436115398364e-05,1.2079243414365748e-05,0
348,0.9999489211539105,3.7595319946539004e-05,1.3483526143019238e-05,1
349,0.9999589896002937,3.0255916493545793e-05,1.0754483212673676e-05,1
350,0.9818175126228316,0.01331615783946441,0.00486632953770407,1
351,0.9785047851314779,0.015850503357681085,0.005644711510841027,1
352,0.9999689800800634,2.2860350710276895e-05,8.159569226413881e-06,0
353,0.9878736399865358,0.008938940900966752,0.0031874191124973508,1
354,0.9994369069766756,0.0004149586857808299,0.00014813433754352017,1
355,0.9587625662930002,0.030355758439843315,0.010881675267156405,2
356,0.9998857136235615,8.428179483319183e-05,3.0004581605344722e-05,0
357,0.9998460894735607,0.00011338868159216653,4.052184484721985e-05,0
358,0.9999226567151734,5.7005505114034516e-05,2.0337779712523735e-05,0
359,0.9998716372157447,9.4555471680086e-05,3.3807312575383705e-05,1
360,0.999971633454359,2.0787710670945126e-05,7.578834970104274e-06,0
361,0.38890804254252537,0.6110896877870163,2.2696704581985973e-06,0
362,0.9974976444910224,0.0018440239644731257,0.0006583315445043237,0
363,0.9819327479261806,0.013306051898054116,0.004761200175765314,2
364,0.3167324316255081,0.6832650077840395,2.5605904523504313e-06,0
365,0.9824770667950163,0.012911759350329156,0.0046111738546545065,1
366,0.9999436335404792,4.157175981772369e-05,1.4794699703002933e-05,0
367,0.957320337020976,0.03143619668654923,0.011243466292474738,2
368,0.9920576804296412,0.005817171423721171,0.0021251481466377877,1
369,0.9999118122488557,6.49759687534273e-05,2.321178239083598e-05,0
370,0.957618160467206,0.031247645408772843,0.01113419412402115,2
371,0.9804583326432442,0.014384585301597164,0.005157082055158594,2
372,0.3960533848669158,0.6039440626449828,2.5524881012686717e-06,0
373,0.9999098153759275,6.643838133381358e-05,2.3746242738740505e-05,0
374,0.99395895233073,0.004457385825958805,0.0015836618433111688,2
375,0.999954413558599,3.356261499452916e-05,1.2023826406537703e-05,0
376,0.999964371824821,2.5999071839893964e-05,9.62910333901651e-06,0
377,0.9998748884854713,9.220313529776768e-05,3.290837923073892e-05,0
378,0.9819145137297939,0.013335255081365528,0.00475023118884058,2
379,0.9834553643003399,0.012196012638714093,0.004348623060946,2
380,0.9570598465806616,0.031640439898258606,0.011299713521079686,2
381,0.9656991283803237,0.02528978289616192,0.009011088723514526,2
382,0.9620078280862295,0.0279765388547788,0.010015633058991703,1
383,0.9809376471435104,0.01404285256916536,0.00501950028732432,2
384,0.9611353801386319,0.028589074608954997,0.010275545252413169,1
385,0.9820522126377719,0.013239775870878845,0.004708011491349295,2
386,0.9999698458212287,2.2115146506802405e-05,8.039032264424297e-06,0
387,0.9999770696378658,1.685106423721004e-05,6.079297896995531e-06,0
388,0.9761380909226797,0.017584763365322813,0.0062771457119977035,2
389,0.9819842627805853,0.013280122345940512,0.0047356148734742235,2
390,0.9875206028415076,0.00920319881719714,0.0032761983412953545,2
391,0.9999243240492889,5.5790118735081737e-05,1.9885831976151377e-05,0
392,0.999789541121115,0.000154313519842117,5.614535904299151e-05,1
393,0.9999293471036765,5.206855874977718e-05,1.8584337573838796e-05,0
394,0.9996211167376028,0.00027901892605430894,9.986433634273301e-05,0
395,0.9999476576174354,3.858914391937437e-05,1.3753238645039768e-05,0
396,0.22966172166978144,0.7703356542648095,2.624065409095598e-06,0
397,0.23362422435819327,0.7663731745769117,2.6010648950429244e-06,0
398,0.9960564941445422,0.0029067204841032746,0.0010367853713543422,1
399,0.8051476117585032,0.19480405920204386,4.832903945272031e-05,0
400,0.9817518631654661,0.013442681195343715,0.004805455639190121,2
401,0.9999407827849273,4.369895650400811e-05,1.5518258568763957e-05,0
402,0.04565186738075452,0.9543278941469786,2.0238472266862517e-05,1
403,0.9899294176904021,0.007417977535063668,0.002652604774534278,1
404,0.9760888349562105,0.02390527890118227,5.886142607422469e-06,0
405,0.9820399925535022,0.013239563164044116,0.0047204442824537686,2
406,0.7834329434500839,0.21656246502996274,4.591519953430476e-06,0
407,0.9775150175344545,0.01656362738093486,0.005921355084610786,1
408,0.9609219200382627,0.028765243197329798,0.010312836764407652,1
409,0.9988522424019118,0.0008455931893710464,0.00030216440871719144,1
410,0.9999783613518551,1.5853066545339306e-05,5.78558159943705e-06,0
411,0.9930778303759548,0.00509189569349225,0.0018302739305530095,1
412,0.9999421361331995,4.25575275281615e-05,1.5306339272262454e-05,0
413,0.9669617514956214,0.024333699814931324,0.008704548689447398,2
414,0.9947749080404906,0.0038549454650442534,0.0013701464944650644,1
415,0.9974595890635781,0.0018735472907341242,0.0006668636456877192,1
416,0.9999754041030958,1.815963715419591e-05,6.4362597499565925e-06,0
417,0.9615308864743723,0.028340305971985055,0.010128807553642654,1
418,0.9819869413566303,0.01327125045931434,0.004741808184055297,2
419,0.999950806059169,3.626955614550055e-05,1.2924384685656124e-05,0
420,0.9666682128270181,0.02454351520762629,0.008788271965355497,2
421,0.9999748604843901,1.851740399960556e-05,6.622111610320938e-06,1
422,0.9865788122736582,0.009881674471124065,0.003539513255217724,1
423,0.9664041701589947,0.02476408749263072,0.008831742348374534,0
424,0.961874079406104,0.028072463698511546,0.01005345689538436,2
425,0.9999633323995816,2.7025987293099444e-05,9.641613125237817e-06,0
426,0.9995763834782977,0.0003118482890698567,0.00011176823263241731,0
427,0.9834738750591643,0.01216924228007081,0.004356882660765,1
428,0.9803778040781769,0.014451144894230146,0.005171051027592847,2
429,0.9810090871204499,0.014006385263094029,0.004984527616456056,1
430,0.9744477150322002,0.018828465304729737,0.006723819663070186,1
431,0.9690316518098783,0.022804997549914618,0.008163350640207125,2
432,0.9702504121466524,0.02193373849282988,0.007815849360517787,2
433,0.9999108586808496,6.557440476542058e-05,2.3566914384953298e-05,0
434,0.9858755252551775,0.010404068802574874,0.0037204059422475985,1
435,0.9994456288512614,0.0004087850099826332,0.00014558613875583642,1
436,0.9999640092405222,2.6417731430016185e-05,9.573028047662665e-06,0
437,0.9999402867078414,4.380006059150934e-05,1.5913231566990696e-05,0
438,0.9999129931374693,6.407377671295e-05,2.2933085817736725e-05,1
439,0.9999696431556964,2.233358153030565e-05,8.023262773278993e-06,0
440,0.9817992958307852,0.013402968852280078,0.0047977353169347875,2
441,0.004713840458691269,0.9952822981694498,3.8613718588921995e-06,0
442,0.9990845247766919,0.0006754136614128287,0.00024006156189523915,0
443,0.9709813378770372,0.02141939322500524,0.00759926889795768,1
444,0.9754129546875708,0.018113124421534635,0.006473920890894499,2
445,0.9999605859182985,2.9014770991289733e-05,1.0399310710291177e-05,0
446,0.9999585929049745,3.0478688946315096e-05,1.0928406079345037e-05,1
447,0.9576818233010334,0.031062049257644636,0.011256127441322006,1
448,0.9820820107281,0.013202771989238277,0.004715217282661885,2
449,0.9777503254787668,0.01639323937276042,0.0058564351484728504,1
450,0.9705863880049751,0.021670491863932936,0.0077431201310921,2
451,0.9813768068364087,0.013716429326808773,0.004906763836782479,2
452,0.9845723447151077,0.011369544867752978,0.004058110417139415,1
453,0.9999781819983974,1.6055450828630268e-05,5.762550774019822e-06,1
454,0.9999302696189625,5.139333005236126e-05,1.833705098519068e-05,1
455,0.9999098380038829,6.63260606314009e-05,2.3835935485573576e-05,1
456,0.964953501290836,0.02581653552861854,0.009229963180545534,1
457,0.9790339189337178,0.015451034984529682,0.005515046081752523,2
458,0.9999557601617963,3.252526739538152e-05,1.1714570808242258e-05,0
459,0.7843572644760218,0.21563815593603658,4.5795879414359e-06,0
460,0.9815045235506689,0.013615897509761174,0.004879578939569899,2
461,0.9605424943731314,0.02908001567871365,0.010377489948154963,1
462,0.9998304137692927,0.0001250232970009291,4.456293370627054e-05,0
463,0.9821616400358985,0.013140455373122603,0.004697904590978812,2
464,0.9728334418861263,0.020025655976281292,0.007140902137592296,1
465,0.9999704933807895,2.2900050919791866e-05,6.606568290806069e-06,0
466,0.9998978820891213,7.517903054825531e-05,2.6938880330278694e-05,0
467,0.9541260211153265,0.03380669628353666,0.01206728260113693,1
468,0.9999695996333263,2.2373642544103005e-05,8.026724129557068e-06,0
469,0.9823214259470033,0.01301661504539611,0.004661959007600458,2
470,0.9971910631712991,0.0020713838333995473,0.0007375529953013907,2
471,0.9999758150902379,1.760360812169108e-05,6.5813016404898315e-06,0
472,0.9998804495482408,8.710137409032846e-05,3.244907766880908e-05,0
473,0.9999230688676337,5.67338481426387e-05,2.019728422362386e-05,1
474,0.9778946781132802,0.016307708524992342,0.005797613361727442,2
475,0.9831100616488675,0.012453468876608425,0.004436469474524071,2
476,0.9989563784824236,0.0007686983177151595,0.00027492319986140244,2
477,0.9860435372456275,0.010283887659604198,0.003672575094768257,1
478,0.9999325519512144,4.969103273262704e-05,1.775701605298865e-05,0
479,0.9999320934968895,5.004704169871681e-05,1.7859461411823998e-05,1
480,0.9999597005776415,2.969827697803881e-05,1.060114538031181e-05,0
481,0.9851000171589274,0.010971891602352997,0.0039280912387196125,1
482,0.0008792584507299329,0.9991164056768405,4.335872429513176e-06,0
483,0.9999663268919884,2.4777299418206585e-05,8.895808593441231e-06,0
484,0.9831920412359847,0.012396224719020436,0.004411734044994758,2
485,0.956129010465395,0.03232079491601485,0.011550194618590106,1
486,0.9998755844178016,9.181043742766499e-05,3.260514477073637e-05,0
487,0.9636880192799656,0.026761565345238575,0.009550415374795892,1
488,0.9994597747516534,0.0003978016618167726,0.00014242358652981262,0
489,0.9997621704725288,0.0001747624328568882,6.306709461423283e-05,0
490,0.9998769566902708,9.068982663367735e-05,3.235348309567069e-05,2
491,0.9639384131660195,0.026548991437604256,0.009512595396376238,2
492,0.9614061664661228,0.02843828988398646,0.01015554364989084,1
493,0.000272523153920873,0.9997237368898089,3.739956270220378e-06,1
494,0.9994511651534862,0.0004040070776899216,0.00014482776882388326,0
495,0.9999734228374471,1.9583436152028297e-05,6.993726400842049e-06,0
496,0.9999156743933101,6.210497061570183e-05,2.2220636074214866e-05,0
497,0.9999578622247003,3.088998320351215e-05,1.1247792096182313e-05,0
498,0.990813968477484,0.00677382163257845,0.002412209889937516,2
499,0.9599797801668577,0.02949376495753391,0.010526454875608377,2
500,0.9809705113028355,0.014005206454264849,0.005024282242899736,2
501,0.9999480474335066,3.8238881427100384e-05,1.3713685066357653e-05,0
502,0.9998583767123899,0.00010391009473381357,3.771319287624949e-05,0
503,0.9870241351588942,0.009564624468606087,0.0034112403724996447,1
504,0.9994841846998258,0.00038000661015078147,0.00013580869002340616,1
505,0.3966594292618152,0.6033380070598628,2.563678322007206e-06,0
506,0.9880006939113741,0.008841038140547403,0.0031582679480783218,1
507,0.9992552733503856,0.0005491171949521111,0.00019560945466238008,0
508,0.9615326015377775,0.0282939461609643,0.010173452301258204,2
509,0.9818529819202775,0.013365571590204762,0.0047814464895178195,2
510,0.979558874737185,0.015063268638621626,0.005377856624193461,2
511,0.03386730418187678,0.9658923504780274,0.00024034534009604005,1
512,0.9989276444602293,0.0007904330458766391,0.0002819224938939856,1
513,0.9820146852786481,0.013243717790851426,0.004741596930500477,2
514,0.9999502905080493,3.7137808593871215e-05,1.2571683356989072e-05,1
515,0.960172945395311,0.0293708763216087,0.010456178283080368,2
516,0.9999605618830298,2.889750747183258e-05,1.0540609498325078e-05,0
517,0.9999670889839574,2.416979275186374e-05,8.741223290887726e-06,1
518,0.9591921759103219,0.030052244984449375,0.010755579105228718,1
519,0.9861084593367909,0.010230602128550518,0.0036609385346583795,1
520,0.968706580406776,0.022997796838110027,0.008295622755113861,1
521,0.9999764313342295,1.7298302511630244e-05,6.2703632587759775e-06,1
522,0.7744492900201666,0.22554580280062805,4.907179205385633e-06,0
523,0.9617473697760404,0.0281689621457704,0.01008366807818927,1
524,0.963127278406153,0.02717827806613841,0.009694443527708558,2
525,0.9876889829537073,0.009082891841164469,0.003228125205128078,2
526,0.9821609703951649,0.013142603905443626,0.004696425699391366,2
527,0.9999587839240255,3.0328122636898302e-05,1.0887953337576604e-05,0
528,0.9824793571158944,0.012910449016497265,0.004610193867608182,2
529,0.9999484679433479,3.795428920035532e-05,1.3577767451657633e-05,0
530,0.9592094514346096,0.03005719464087123,0.010733353924519287,1
531,0.9553959091311421,0.032846326277207065,0.011757764591650684,1
532,0.9565400786483452,0.031802002942121835,0.011657918409532996,2
533,0.9999751030506328,1.824962933065247e-05,6.647320036506457e-06,0
534,0.9999561675913052,3.2338281808043095e-05,1.149412688683379e-05,0
535,0.9630059387540125,0.02725321395670095,0.009740847289286663,2
536,0.9993835934787695,0.0004543287493650642,0.00016207777186545496,1
537,0.999763071254855,0.00017428826126228596,6.264048388259476e-05,0
538,0.9997074730207973,0.00021432963480483449,7.81973443977736e-05,0
539,0.9827880359991429,0.012688118768559792,0.004523845232297336,1
540,0.9827788270543912,0.012641388257770551,0.004579784687838179,2
541,0.9946194382130571,0.003961364918751362,0.0014191968681916437,2
542,0.9984254190008208,0.0011596672431897458,0.00041491375598928174,1
543,0.9873027338435529,0.009354107683359253,0.003343158473087866,2
544,0.999785741010492,0.00015801483601247246,5.624415349539669e-05,0
545,0.986296780563483,0.010103841239027706,0.0035993781974892856,2
546,0.9999644888753358,2.6179262207483893e-05,9.331862456685532e-06,0
547,0.9999772242148057,1.6639126256299934e-05,6.136658938011175e-06,0
548,0.9999207866688004,5.7978269078065296e-05,2.123506212159329e-05,0
549,0.999977847652615,1.622749355837591e-05,5.9248538267880284e-06,0
550,0.9999701971132463,2.1808541339316867e-05,7.994345414291633e-06,0
551,0.9999620563289587,2.7691020717716703e-05,1.0252650323637727e-05,0
552,0.9998069318886776,0.00014211021243608595,5.095789888633911e-05,1
553,0.999968532463813,2.3116102062306855e-05,8.35143412464665e-06,0
554,0.9778055400308204,0.016347261888406656,0.005847198080772963,2
555,0.9999716286108622,2.0846784661046245e-05,7.5246044767124086e-06,0
556,0.9997520353660583,0.00018246283513716148,6.550179880468972e-05,1
557,0.9999771147396636,1.6718890287190345e-05,6.166370049192506e-06,0
558,0.9996673337429592,0.00024311397798400553,8.955227905669408e-05,1
559,0.9973259394687156,0.001959586589569204,0.0007144739417153687,1
560,0.4183548256925891,0.5816426223660978,2.551941313142145e-06,0
561,0.9845404057222044,0.011391436115573807,0.004068158162221839,1
562,0.9962040067161715,0.0028002497406562485,0.0009957435431722993,1
563,0.9580764660749109,0.030761135511885106,0.01116239841320412,1
564,0.9589615712020855,0.030249611400072932,0.01078881739784172,1
565,0.9999588337871115,3.0306154872074516e-05,1.086005801646328e-05,0
566,0.9999602194480778,2.9260189549466073e-05,1.0520362372835495e-05,0
567,0.9692601083264194,0.022660913558212915,0.008078978115367622,2
568,0.9577307816403754,0.031160662490723846,0.011108555868900723,1
569,0.9996350024651347,0.00026900450650447404,9.599302836080687e-05,0
570,0.9999219535832028,5.746703706376849e-05,2.0579379733461286e-05,1
571,0.9995173368076308,0.00035527885322625473,0.0001273843391431027,0
572,0.9999715335829502,2.0864503763589704e-05,7.601913286112457e-06,0
573,0.9999708958892717,2.123601802425422e-05,7.868092704210514e-06,0
574,0.9999446566843379,4.07276878952425e-05,1.4615627766877549e-05,0
575,0.9818429722321425,0.013372554646631342,0.004784473121226079,1
576,0.9999477950235198,4.238413380360924e-05,9.820842676465397e-06,0
577,0.9992737031905686,0.0005356015843716193,0.00019069522505977437,0
578,0.999977473857742,1.655740076031367e-05,5.968741497719437e-06,1
579,0.9994674560460883,0.00039186791971458374,0.00014067603419720497,0
580,0.9998832369246455,8.585144751645993e-05,3.091162783794236e-05,1
581,0.999824821528151,0.00012910708069732103,4.607139115151839e-05,0
582,0.9999731070473303,1.9827537738779874e-05,7.065414930849081e-06,0
583,0.9775992807044547,0.016506442801758177,0.0058942764937872285,1
584,0.9994976503844477,0.000366549094943513,0.0001358005206087752,0
585,0.999971353848719,2.089448904653889e-05,7.751662234300282e-06,1
