,topology,centrality,position,label
0,0.4439185697198116,0.28680539929012944,0.269276030990059,2
1,0.30044614451953616,0.4814482418547364,0.21810561362572742,2
2,0.0882585731543987,0.8748968519336944,0.03684457491190706,0
3,0.15600758091254163,0.8186671403540161,0.025325278733442366,0
4,0.16101618988778044,0.8126832001466292,0.02630060996559035,1
5,0.2168485190955447,0.753260681348671,0.029890799555784366,1
6,0.04049988311864912,0.9306580301377756,0.028842086743575343,2
7,0.41761943392898443,0.5141302399471542,0.06825032612386148,1
8,0.21982259533995188,0.7443536271950897,0.035823777464958365,1
9,0.03635708691501691,0.9348204229873407,0.028822490097642286,2
10,0.17339428010087923,0.7982096774679082,0.028396042431212545,1
11,0.6335371166501682,0.2349663068726374,0.1314965764771943,2
12,0.26940705463606357,0.7019243074269308,0.028668637937005546,1
13,0.15729131741564834,0.8172041732082198,0.025504509376131697,1
14,0.42312709846286367,0.30418493661107693,0.2726879649260594,2
15,0.3902543727739646,0.31277801674861233,0.29696761047742315,2
16,0.1693733045286348,0.7989406034736114,0.03168609199775363,1
17,0.15978221229115377,0.8140783847067475,0.026139403002098657,1
18,0.5334344079368512,0.44679787088319717,0.01976772117995162,0
19,0.1695883509545194,0.7958777067570394,0.034533942288441116,2
20,0.1588377098575547,0.8154738613063879,0.02568842883605743,1
21,0.2579072764190394,0.7110797185973307,0.031013004983630015,0
22,0.15741506543329145,0.816869907180699,0.02571502738600961,1
23,0.1560605296449715,0.8184100209242102,0.025529449430818273,1
24,0.3038499634712762,0.6696135211542881,0.026536515374435753,0
25,0.1831987502719679,0.7873240211316848,0.029477228596347414,0
26,0.7493752472981756,0.12585146664914373,0.12477328605268048,2
27,0.5296290842664252,0.3830888170511296,0.08728209868244506,1
28,0.36765646279458547,0.6088080801615859,0.02353545704382854,0
29,0.47610251695886185,0.5049751015903248,0.018922381450813416,0
30,0.28691247726347324,0.6885077350400842,0.024579787696442652,1
31,0.19400166995837734,0.7718682262706761,0.034130103770946545,1
32,0.2647736177867518,0.7053217558062053,0.029904626407042913,0
33,0.08424732814104753,0.8805374350314894,0.03521523682746292,2
34,0.25973554377501645,0.5355303056336697,0.20473415059131395,2
35,0.6313824754190189,0.1961560167475808,0.17246150783340025,2
36,0.12496586915063339,0.8381772778296992,0.03685685301966737,0
37,0.6935770311644109,0.1921623051946879,0.11426066364090118,2
38,0.3085648870582223,0.6707490034135429,0.02068610952823474,1
39,0.15899162252240717,0.814993958441832,0.026014419035760763,2
40,0.044237674987860964,0.9249179852090337,0.030844339803105386,2
41,0.06618893391651777,0.8941980662165061,0.039612999866976084,2
42,0.11925547704936813,0.8480841902180513,0.03266033273258058,1
43,0.2035339407132228,0.7633542456255379,0.033111813661239435,1
44,0.1831483982434387,0.7859386164743833,0.030912985282177837,1
45,0.2005370019074661,0.7048876590841884,0.09457533900834555,2
46,0.15199445128375375,0.8072253570546235,0.040780191661622736,2
47,0.6966762610546008,0.19167271473281394,0.11165102421258534,2
48,0.1745582503976708,0.7593277902680176,0.06611395933431166,2
49,0.15719378465666037,0.8086779184019698,0.03412829694136991,2
50,0.41619520815261674,0.4463435951455071,0.13746119670187626,2
51,0.5393715808174968,0.44239837637327245,0.01823004280923082,1
52,0.3886835235367828,0.32211088411773114,0.2892055923454861,2
53,0.1842731903126943,0.7856905487562188,0.030036260931086856,1
54,0.20181786141426986,0.7644513447366247,0.03373079384910556,1
55,0.7204030283635019,0.15937557055422036,0.12022140108227766,2
56,0.15549881372413024,0.8188417038652034,0.025659482410666325,1
57,0.15147093878910425,0.8227524981172971,0.025776563093598607,2
58,0.16420228287359567,0.8086859246196214,0.027111792506782847,2
59,0.6405956977053743,0.21008063137298424,0.1493236709216415,2
60,0.37791993384198486,0.3406065720102726,0.28147349414774253,2
61,0.4838047959900951,0.49759965542686063,0.018595548583044127,0
62,0.743721209267284,0.13154892472245766,0.12472986601025834,2
63,0.7447654656523197,0.1332169856253167,0.12201754872236359,1
64,0.18805705660604508,0.7818137252514777,0.030129218142477234,0
65,0.18886270669864935,0.7802083111950692,0.030928982106281516,1
66,0.2624858585070387,0.7105833344038952,0.02693080708906613,0
67,0.5212406888608468,0.45990348199186687,0.018855829147286233,0
68,0.17313769902109577,0.7989580696401011,0.027904231338803175,1
69,0.04773795825169781,0.919495255163689,0.03276678658461322,2
70,0.28416194646934506,0.47170892063179715,0.24412913289885776,2
71,0.19458578625219478,0.7762243596020407,0.029189854145764648,0
72,0.7500282701673839,0.12728452194403245,0.1226872078885837,2
73,0.19510744257913834,0.7733994615076901,0.031493095913171495,1
74,0.154921799933137,0.8197250931983814,0.025353106868481617,1
75,0.1967978994408632,0.7709678772721944,0.032234223286942455,1
76,0.2529420721554188,0.7205043137665763,0.026553614078004942,1
77,0.15454478774274247,0.8200888405764895,0.025366371680767996,1
78,0.15797128888799575,0.8162409363223587,0.025787774789645505,0
79,0.2077025791150799,0.7586511784336407,0.03364624245127948,1
80,0.16668059875137062,0.8059977058627544,0.02732169538587493,1
81,0.2044525388890044,0.7622292292721543,0.0333182318388414,1
82,0.7124875975402666,0.18377081820386837,0.10374158425586519,1
83,0.4749196912934402,0.2670452793238396,0.2580350293827201,2
84,0.1816770046168687,0.7886733664124238,0.029649628970707474,0
85,0.18347972698679302,0.7854686704573807,0.031051602555826393,1
86,0.20562614722342978,0.7608532844517097,0.03352056832486044,1
87,0.15289983062802925,0.8218799884964038,0.025220180875566975,1
88,0.18872835317269998,0.7805882179555652,0.030683428871734808,0
89,0.16827455465408095,0.8021065087841135,0.02961893656180557,2
90,0.19474569805194672,0.7735963957459727,0.031657906202080595,0
91,0.15987519991535462,0.8141655567357443,0.02595924334890112,0
92,0.7455631217670843,0.13042102574590478,0.12401585248701105,2
93,0.15722057052685948,0.8170103921755464,0.025769037297594246,1
94,0.22634973327795394,0.7370436788570756,0.03660658786497051,1
95,0.06166330216166578,0.9011968219872454,0.03713987585108887,1
96,0.7033418055076265,0.18220226460794645,0.114455929884427,2
97,0.15242799244159816,0.8175982420440548,0.02997376551434698,1
98,0.2074170670281656,0.7443678632632124,0.04821506970862219,2
99,0.20071924075905623,0.769873692317175,0.029407066923768793,0
100,0.20366464029833675,0.7676005581008171,0.028734801600846308,0
101,0.2035467923306671,0.7669840289413377,0.029469178727995236,1
102,0.2019425846699124,0.771511873610123,0.02654554171996455,1
103,0.18473053409696483,0.7852243912092324,0.030045074693802905,0
104,0.21072304621970994,0.7564101703229995,0.03286678345729047,0
105,0.15515675182926872,0.8195897293930149,0.025253518777716467,1
106,0.19945054528326991,0.7675587164869838,0.032990738229746276,1
107,0.19129309156739208,0.7775570341777215,0.031149874254886252,2
108,0.2111457021939412,0.7559081733072461,0.0329461244988125,0
109,0.21006595736517508,0.7584275254301277,0.031506517204697077,1
110,0.7070644936013714,0.17775234845933768,0.11518315793929092,2
111,0.71401814581091,0.16318167699128996,0.12280017719780004,2
112,0.15371319044145298,0.8206696815494843,0.025617128009062837,1
113,0.18862639587783406,0.7799513841026552,0.03142222001951077,1
114,0.49969658096688196,0.41863368083093705,0.08166973820218101,2
115,0.6842293787419309,0.17246096511955614,0.14330965613851296,2
116,0.208409125320561,0.7631875280145148,0.028403346664924257,0
117,0.7010895731706178,0.1850786746826157,0.11383175214676657,1
118,0.7484266168571488,0.13024513800469917,0.1213282451381519,2
119,0.3083518651822251,0.6699805962359363,0.02166753858183852,0
120,0.12351810812823863,0.8457138513444773,0.030768040527283963,2
121,0.7408799163241265,0.137933072905296,0.12118701077057745,2
122,0.6207842856467342,0.36324992932090466,0.01596578503236117,0
123,0.17153914642147508,0.8004509667800136,0.028009886798511272,1
124,0.03440665794613906,0.9366566704918218,0.028936671562039152,2
125,0.5545634291939436,0.2263001149882363,0.2191364558178201,2
126,0.202267860373322,0.7645045080912581,0.03322763153541984,1
127,0.44409018382557286,0.31279091319309527,0.24311890298133187,2
128,0.37394042132997557,0.5647272780143282,0.0613323006556962,1
129,0.5038864692931722,0.4148659711707168,0.08124755953611117,1
130,0.1484391628020038,0.8194939762295306,0.03206686096846561,2
131,0.17193097713254266,0.7998945294194458,0.028174493448011585,0
132,0.15918686652764985,0.8150770504990958,0.025736082973254366,1
133,0.041296147163872976,0.9221852600344681,0.03651859280165895,1
134,0.20848640664549276,0.7629041215741945,0.02860947178031273,0
135,0.705104447917621,0.19036108802192497,0.10453446406045412,1
136,0.24684002256002927,0.7242516405642906,0.02890833687568012,1
137,0.15570144350348672,0.8186723952079806,0.025626161288532755,0
138,0.670355381844164,0.2214277880094228,0.1082168301464132,2
139,0.20206021502218208,0.7673468571517307,0.030592927826087364,0
140,0.6947904506652792,0.1921734546417048,0.11303609469301594,2
141,0.60595920667647,0.20762301327813773,0.18641778004539225,2
142,0.15120861847840739,0.8232786298793726,0.025512751642219937,0
143,0.20187375415004305,0.7640886790392779,0.03403756681067902,1
144,0.19473833655881492,0.7735443241052918,0.03171733933589327,1
145,0.19066056415077687,0.7783996482438945,0.0309397876053287,1
146,0.24143269977302326,0.7310402189549678,0.027527081272008928,0
147,0.2098470206124404,0.7603801434422081,0.029772835945351628,0
148,0.23614286215687022,0.7362428813291935,0.027614256513936297,0
149,0.20307167004135032,0.766027925087173,0.0309004048714767,0
150,0.26037988427852554,0.7083511337665195,0.03126898195495494,0
151,0.2098496523649106,0.7649502450322028,0.02520010260288668,1
152,0.7454655816566869,0.12872223711772132,0.12581218122559185,2
153,0.2641615088825179,0.7066561021263069,0.029182388991175298,0
154,0.7462249367776433,0.13170543119141298,0.12206963203094365,2
155,0.743620922326871,0.13318448408542144,0.12319459358770743,2
156,0.20357806313658555,0.7632200830920409,0.03320185377137348,2
157,0.7391390032519878,0.14091898141476394,0.1199420153332482,2
158,0.16231794609636174,0.8121361160494279,0.02554593785421031,1
159,0.18482311736618975,0.7848031088825344,0.030373773751275906,1
160,0.20048633865622034,0.7669584217723324,0.03255523957144732,1
161,0.24962454566324768,0.7229795142217116,0.027395940115040738,1
162,0.3942638404378138,0.5839594876124492,0.02177667194973694,0
163,0.11795853969099214,0.8554862544083051,0.026555205900702757,2
164,0.19715998426992007,0.7732254573987847,0.02961455833129534,0
165,0.4655494664473348,0.38770724419065905,0.1467432893620062,2
166,0.5730241436243749,0.3293205256176167,0.09765533075800831,1
167,0.23459575645806707,0.7347273801200586,0.030676863421874423,0
168,0.35509537163899757,0.32490582676573976,0.3199988015952628,2
169,0.1819589368657053,0.7882107502968795,0.029830312837415156,0
170,0.18218335117321843,0.7904901987397843,0.027326450086997266,0
171,0.5955325330964557,0.20659148841138958,0.19787597849215463,2
172,0.18906196688233098,0.78013949687877,0.030798536238898947,0
173,0.15920503930163848,0.8147528230860402,0.02604213761232133,1
174,0.18835666302176404,0.7808770696416324,0.030766267336603603,1
175,0.19981417607592375,0.767582290760189,0.03260353316388712,1
176,0.18671164883634617,0.7826542309052219,0.03063412025843199,1
177,0.18777633654912823,0.7810700921575829,0.03115357129328887,0
178,0.19219017085855342,0.7784731804932266,0.029336648648219964,0
179,0.4272722601868905,0.5519848441221559,0.020742895690953587,0
180,0.43716007677953467,0.5399974231036258,0.02284250011683954,1
181,0.18520396545661738,0.7847404643017655,0.03005557024161726,0
182,0.7431820266112299,0.13342712695348893,0.12339084643528114,2
183,0.17771312214390092,0.7874743903108734,0.034812487545225625,1
184,0.1832726542016344,0.7868302927629818,0.02989705303538383,1
185,0.20986608140013813,0.7632853296532576,0.02684858894660441,0
186,0.30047564947997785,0.6700437345258073,0.02948061599421481,1
187,0.2772484809744669,0.6977901216265014,0.02496139739903158,0
188,0.4300883883245053,0.5480868928894638,0.021824718786030976,0
189,0.30431416289845764,0.6703686246419802,0.025317212459562168,0
190,0.18010344542966714,0.7903888392000897,0.029507715370243038,1
191,0.167005807926052,0.8078851868193117,0.02510900525463627,1
192,0.04402834521080223,0.9157868612880105,0.04018479350118735,2
193,0.2351643095447576,0.7269749623417735,0.03786072811346888,1
194,0.22171236028922653,0.7489226189087128,0.0293650208020608,0
195,0.4350407121286065,0.5426798299030529,0.022279457968340678,0
196,0.03404497073868812,0.9367113438060429,0.029243685455268908,2
197,0.15609042379179108,0.8183324682712814,0.025577107936927652,2
198,0.3568362338335099,0.6188211749432593,0.024342591223230795,0
199,0.4432494211267178,0.5361246805215936,0.020625898351688703,0
200,0.2325894268953058,0.7393831485676237,0.028027424537070564,0
201,0.17227967455960289,0.7996210824617145,0.028099242978682493,1
202,0.229971944877527,0.74304182529339,0.026986229829082924,1
203,0.6774731002626506,0.2130691268832658,0.10945777285408355,2
204,0.1859651914404449,0.7835749400694079,0.030459868490147177,0
205,0.336741018166715,0.6084098834897456,0.05484909834353942,1
206,0.19322164919562668,0.7777148415288473,0.02906350927552614,1
207,0.19955085099911254,0.7714340326908593,0.02901511631002797,0
208,0.2362248445387076,0.7253282536005687,0.03844690186072368,2
209,0.19637681539532956,0.7718583739090051,0.03176481069566519,0
210,0.2087298827960553,0.7653705205078674,0.0258995966960773,0
211,0.056868624073216946,0.915072806405674,0.028058569521109144,2
212,0.18637249850621057,0.7832277581246413,0.03039974336914812,0
213,0.2222262287340525,0.7449708282906959,0.03280294297525157,1
214,0.21291936705345724,0.7577547270649237,0.029325905881619017,0
215,0.1982140281180566,0.7693971519492052,0.03238881993273821,1
216,0.30159486096762483,0.673335554612695,0.025069584419680085,0
217,0.15492433297783972,0.8197574401248702,0.025318226897290116,1
218,0.1627670553522819,0.8104874128292957,0.026745531818422364,1
219,0.25364313553026663,0.7189607209511932,0.027396143518540094,0
220,0.20250498219771754,0.7641379142393983,0.03335710356288426,1
221,0.1910853267116491,0.780026543364538,0.02888812992381281,1
222,0.37717983052716386,0.3202128296459438,0.3026073398268924,2
223,0.2056460591753872,0.7606330626157376,0.03372087820887516,1
224,0.5448647853357687,0.43631609109485986,0.018819123569371526,0
225,0.22600291240727005,0.7422461911551758,0.03175089643755417,0
226,0.23758320782397693,0.7303892795123788,0.03202751266364432,1
227,0.15877370325058981,0.8154578951166255,0.025768401632784696,0
228,0.27157627102153353,0.6997522574439458,0.028671471534520824,1
229,0.16084078245740172,0.812692759715859,0.026466457826739356,1
230,0.19600316058991027,0.7719216177182611,0.032075221691828755,1
231,0.15809740034214964,0.8153084535236861,0.02659414613416429,2
232,0.04405498966518692,0.9275497978866377,0.02839521244817546,1
233,0.23875515011554538,0.7333581329595165,0.027886716924938233,0
234,0.13368414650285948,0.8401130391530495,0.026202814344091073,2
235,0.1913823856757276,0.7779142533785878,0.03070336094568463,0
236,0.25000304827870157,0.7198299940248236,0.030166957696474806,0
237,0.7367167344205903,0.14337160829566423,0.11991165728374548,1
238,0.19398428155270928,0.7748455882939028,0.03117013015338791,1
239,0.17809254396028698,0.7931716807091143,0.028735775330598866,2
240,0.19315198228540928,0.77478769124239,0.03206032647220076,1
241,0.14079678291443404,0.8273750743182238,0.03182814276734233,1
242,0.17767963617288246,0.7911985829799284,0.031121780847189286,1
243,0.34269542831458166,0.34988406512503606,0.3074205065603824,2
244,0.15790884343071115,0.8163580006366075,0.025733155932681398,2
245,0.29803547771927547,0.6727821897235531,0.02918233255717143,1
246,0.1580161614399258,0.8160747956798963,0.025909042880178014,1
247,0.7125245964626846,0.15013626328003055,0.13733914025728478,2
248,0.18432546454953314,0.7857285863628308,0.02994594908763601,1
249,0.1566776806216073,0.8180029321491844,0.02531938722920838,0
250,0.6245945540325809,0.2958446940511205,0.0795607519162986,1
251,0.1894060536469548,0.7858457934941663,0.02474815285887886,1
252,0.2723054244090076,0.6832644114712269,0.044430164119765476,1
253,0.10154326558464699,0.8700420131113173,0.02841472130403567,2
254,0.26401072691393745,0.7066229044384635,0.029366368647599003,0
255,0.2740159803147298,0.6998953213318116,0.026088698353458527,0
256,0.6455832547543556,0.18254721195308113,0.17186953329256316,2
257,0.19724204021577024,0.7690094953443206,0.0337484644399092,1
258,0.5113471827896251,0.4699987818846391,0.0186540353257357,0
259,0.18334784500589715,0.7855348671118781,0.031117287882224603,0
260,0.17256092036698928,0.8012321254026649,0.026206954230346018,1
261,0.36065792304569266,0.6155553316845845,0.023786745269722832,1
262,0.1945713500862413,0.7737391474472406,0.031689502466518006,1
263,0.4114244763604014,0.5673261332163928,0.021249390423205707,0
264,0.4834056206528729,0.4975426356704984,0.01905174367662875,0
265,0.18301346060237325,0.7857300955529125,0.03125644384471431,1
266,0.1634738453769115,0.8097935023222145,0.02673265230087395,1
267,0.7301658853174655,0.15044462533199593,0.11938948935053857,2
268,0.39423937168943357,0.30882727426196915,0.2969333540485972,2
269,0.5759048497212053,0.40772590792826224,0.016369242350532484,0
270,0.18331285875866987,0.7867484447878009,0.029938696453529243,0
271,0.21410153400161064,0.7528313210221547,0.033067144976234704,1
272,0.18436381879236316,0.7854973162880925,0.03013886491954435,1
273,0.35626730104242976,0.4261570984921745,0.21757560046539573,2
274,0.04671426012600546,0.9201349130806669,0.033150826793327745,1
275,0.37281539743287107,0.6044236441176303,0.022760958449498644,0
276,0.18602752350340462,0.7844118395786067,0.02956063691798855,1
277,0.1604372496328154,0.8134606390036772,0.02610211136350742,1
278,0.23608339934813252,0.5923764702533082,0.17154013039855923,2
279,0.15980189595757988,0.8142305037096824,0.025967600332737813,1
280,0.18451227086776992,0.7844556889163181,0.03103204021591192,1
281,0.18664518015192857,0.7830545138185394,0.030300306029531834,0
282,0.20365443100968098,0.7630666082427455,0.03327896074757355,1
283,0.1927157041738358,0.7758106494535613,0.03147364637260282,1
284,0.20717935142410782,0.7590969042862823,0.033723744289609905,1
285,0.21415517151447427,0.7570968896606762,0.028747938824849426,0
286,0.2306184645211778,0.7413418031011489,0.028039732377673224,0
287,0.16350368842480353,0.8096957182599407,0.026800593315255757,1
288,0.15933570208263118,0.8154122266486145,0.025252071268754513,1
289,0.5708313697629056,0.413658953096154,0.015509677140940432,0
290,0.13949885442656199,0.8327282486633512,0.027772896910086824,2
291,0.1863093681678852,0.7834001385998867,0.0302904932322281,1
292,0.157484337882046,0.8167692656870632,0.025746396430890814,1
293,0.18127107803731773,0.7892292816199855,0.02949964034269678,1
294,0.7234086565889075,0.14637405080687063,0.13021729260422185,2
295,0.19840943166888536,0.769244314600995,0.03234625373011965,1
296,0.17331410715428483,0.7987182949293276,0.02796759791638751,1
297,0.5402001725525554,0.44309133866642725,0.016708488781017394,0
298,0.18907485301642926,0.7800922948646354,0.0308328521189353,0
299,0.2068238936887191,0.7591884028114577,0.03398770349982322,1
300,0.6437657166453636,0.18987001790885652,0.16636426544577995,2
301,0.7055696506600829,0.16861452223461065,0.12581582710530637,2
302,0.21271356923854431,0.7585915677976806,0.02869486296377499,0
303,0.21479815453031886,0.756883169864647,0.028318675605034167,0
304,0.4134723847308206,0.565602084259367,0.020925531009812353,0
305,0.3288632864418141,0.6442997507160859,0.026836962842099923,0
306,0.6754051424842803,0.21364043137632324,0.11095442613939643,2
307,0.3133602832949097,0.661679057547833,0.02496065915725724,0
308,0.5156563047686601,0.46661403898002723,0.017729656251312745,0
309,0.4355480038751162,0.5440435834797502,0.020408412645133583,0
310,0.38199581455237425,0.5951536421421146,0.02285054330551101,0
311,0.26302158491801486,0.6937818388040268,0.04319657627795828,2
312,0.21612223231229588,0.755349901334285,0.028527866353419133,0
313,0.4349508571636494,0.544267642481713,0.02078150035463757,0
314,0.2058542208800495,0.764940213974957,0.02920556514499342,0
315,0.5495062511241924,0.43336460972368845,0.017129139152119256,1
316,0.24869289606830133,0.7231657883136524,0.02814131561804624,1
317,0.16039974467836354,0.8137816929786549,0.025818562342981466,1
318,0.40453252939857726,0.577330792937029,0.018136677664393728,0
319,0.112608602310893,0.8574877374435109,0.029903660245596125,0
320,0.7156068234445917,0.16409135666891891,0.12030181988648955,2
321,0.18318365839317483,0.7870062370757568,0.029810104531068263,0
322,0.19962900634683942,0.7676074745790202,0.032763519074140345,1
323,0.18544001041819821,0.7844738047929524,0.030086184788849325,1
324,0.14496729729553365,0.8277385554999384,0.027294147204527972,1
325,0.21711654429152846,0.7539439479239616,0.02893950778450981,1
326,0.3689259544698369,0.6066046150500717,0.02446943048009136,0
327,0.13045628383574934,0.8382964667349927,0.03124724942925799,2
328,0.5444729736934888,0.4389536568962944,0.01657336941021688,0
329,0.5949916943146794,0.31024834740160934,0.09475995828371131,1
330,0.1817087524273333,0.7885192698738017,0.029771977698864936,1
331,0.17421865749781137,0.7971901194652747,0.02859122303691385,1
332,0.3047006950916802,0.669830422817363,0.025468882090956768,0
333,0.11616907981439756,0.8463020939937244,0.03752882619187796,0
334,0.15628921507085036,0.8178908978253898,0.025819887103759966,1
335,0.1552890121684688,0.8195162231983589,0.02519476463317233,0
336,0.18986310156424702,0.780138280489498,0.029998617946255055,1
337,0.13153859342021973,0.7719461602708638,0.09651524630891661,2
338,0.116204206239882,0.8035415062802714,0.08025428747984654,2
339,0.19827969995378272,0.7691905187093233,0.032529781336893965,1
340,0.239012557635883,0.7330855240936454,0.02790191827047166,0
341,0.27575927351723023,0.697354331005388,0.026886395477381638,0
342,0.20409139392122747,0.7624687080857118,0.033439897993060706,0
343,0.18372535543702462,0.7866661657031933,0.029608478859782118,1
344,0.20156061452040674,0.7658481533180238,0.0325912321615696,1
345,0.34015769231899945,0.6360940439592394,0.023748263721761198,0
346,0.3604512611703769,0.39867923230070035,0.24086950652892283,2
347,0.6953450045812402,0.18937334534736838,0.11528165007139139,1
348,0.17458882926053979,0.7945674105594974,0.0308437601799629,1
349,0.20626262691242453,0.7647440368212576,0.028993336266317886,1
350,0.16652744158264207,0.8060233724591943,0.02744918595816347,1
351,0.10792847019563692,0.8573984231852222,0.034673106619141005,1
352,0.17848343538753447,0.7900142606238088,0.03150230398865667,1
353,0.4289690399371211,0.5484786535527897,0.02255230651008915,0
354,0.5189287796849908,0.2606638853573525,0.2204073349576567,2
355,0.20349910443276428,0.7632375493250767,0.03326334624215899,1
356,0.43640017689303534,0.5432656481212023,0.020334174985762524,0
357,0.21702477251474545,0.7542909911891224,0.028684236296132214,0
358,0.19538436927951852,0.7751458222294437,0.029469808491037752,1
359,0.18119901868510235,0.788310818957682,0.03049016235721575,1
360,0.1664207780733447,0.8065884807238703,0.026990741202784916,2
361,0.19296578581291152,0.7752135012637172,0.03182071292337124,1
362,0.23706630060974945,0.7322000907847491,0.030733608605501415,0
363,0.20230894276733705,0.7737727035814476,0.023918353651215304,0
364,0.20006421319745465,0.7671549447252394,0.032780842077306076,1
365,0.20372163952963282,0.7634238154831903,0.03285454498717693,0
366,0.15743231728459892,0.8095766318849281,0.03299105083047296,2
367,0.5204312302623864,0.4035280460162896,0.07604072372132406,1
368,0.2057092691649375,0.7632940931364458,0.030996637698616637,1
369,0.13048528463462422,0.763854655858723,0.10566005950665278,2
370,0.34776074338574486,0.43093700169516297,0.22130225491909214,2
371,0.300326285861547,0.6444844891503962,0.05518922498805675,2
372,0.21504954998379833,0.7558579321582735,0.029092517857928213,1
373,0.195446207924337,0.7726641350796243,0.03188965699603871,1
374,0.1922159156099284,0.7766266121939573,0.03115747219611418,1
375,0.07148075766690544,0.9000322567677499,0.028486985565344698,1
376,0.23421288220548575,0.7274890748225438,0.03829804297197047,1
377,0.206683572815922,0.7603047667416433,0.03301166044243487,0
378,0.20269292390824342,0.7644911382812049,0.03281593781055175,0
379,0.3741395992293884,0.6012115693390206,0.02464883143159107,1
380,0.19229882255751019,0.7767397839178267,0.030961393524662952,1
381,0.10037426730923342,0.8731929712312545,0.026432761459512177,2
382,0.19229058320753564,0.7784026117210754,0.029306805071388855,1
383,0.22917722780467262,0.740989707228745,0.029833064966582428,0
384,0.1556015161113049,0.8190162438572364,0.025382240031458832,1
385,0.5429261667393158,0.440441843459745,0.016631989800939228,0
386,0.22156354295144282,0.7498651034105609,0.028571353637996358,0
387,0.7357361888331718,0.13860352420325125,0.12566028696357687,2
388,0.7470718706858208,0.13141040498429443,0.12151772432988485,2
389,0.05543509833122965,0.9082435943903401,0.0363213072784304,1
390,0.1567821297358681,0.8173301679857959,0.025887702278336054,1
391,0.7313118352891815,0.149875930794392,0.11881223391642642,1
392,0.2130501191786234,0.7539099711353412,0.03303990968603532,1
393,0.15719958432659725,0.8169158030528637,0.025884612620539055,2
394,0.18677342627794127,0.7838686107225074,0.029357962999551332,1
395,0.14547315695885896,0.8292013776516033,0.02532546538953766,1
396,0.20857690136450824,0.7575258363005432,0.033897262334948615,2
397,0.18969547842818868,0.7781380837780648,0.032166437793746616,2
398,0.49654290295030146,0.4838839115744233,0.01957318547527532,1
399,0.1906846880199465,0.7780718010074826,0.03124351097257095,1
400,0.1911565214838891,0.7776170157007619,0.03122646281534907,1
401,0.18921681892731565,0.7801195458306379,0.030663635242046454,1
402,0.34753925218705345,0.6252714083591906,0.027189339453755994,0
403,0.18099598097963726,0.7894734114774067,0.02953060754295602,1
404,0.2575344239415204,0.7149266145571125,0.027538961501367275,0
405,0.20646875039604687,0.764762927481502,0.028768322122450986,1
406,0.2676409804095181,0.7031809012965714,0.02917811829391037,0
407,0.1780326995722152,0.7919530091628358,0.030014291264949085,1
408,0.21059817087233879,0.7580691872337206,0.03133264189394062,1
409,0.2031259002050603,0.7636210789464166,0.033253020848523246,1
410,0.1681148120955895,0.8041751541846971,0.02771003371971346,1
411,0.1574963934814603,0.8167073126412148,0.025796293877325002,2
412,0.264435949042864,0.70856367810975,0.02700037284738606,0
413,0.4048941973404112,0.5711685311073262,0.023937271552262614,1
414,0.7329031567263767,0.14514714269543236,0.12194970057819103,2
415,0.24307620963013163,0.724848600865816,0.03207518950405227,1
416,0.06454638463502226,0.898636578058671,0.03681703730630673,2
417,0.08623942967818093,0.8777307695810423,0.03602980074077672,2
418,0.10469828864421554,0.857514155788662,0.03778755556712259,0
419,0.7250005579722046,0.15586743900634556,0.11913200302144979,1
420,0.21335798387026852,0.7580838898844495,0.028558126245281975,0
421,0.23153554663828066,0.7409966091489016,0.02746784421281767,0
422,0.7442679072146902,0.13550035076195793,0.12023174202335188,2
423,0.08125421119529491,0.8915732629374431,0.027172525867261967,2
424,0.24902484750288434,0.7231381067576516,0.027837045739464165,0
425,0.18534328653557558,0.7845210352420249,0.03013567822239951,1
426,0.2813284406906135,0.6920922759595535,0.02657928334983299,0
427,0.47637669046564723,0.5030954373977037,0.020527872136649104,0
428,0.19074890198600689,0.7779994779950066,0.031251620018986556,1
429,0.10237107602593061,0.8696979193492798,0.027931004624789486,1
430,0.1719369874485668,0.7982257718105449,0.02983724074088828,1
431,0.21204888872664754,0.7595907852618008,0.028360326011551713,0
432,0.25903707354404354,0.7142807915927505,0.026682134863206017,0
433,0.5996291546890364,0.3029675199327138,0.0974033253782497,2
434,0.23419934201947507,0.7381628119299364,0.027637846050588697,0
435,0.23247323738356576,0.7396898499016968,0.027836912714737445,1
436,0.15607639774995022,0.8186303534623515,0.025293248787698338,2
437,0.1890471927476698,0.7803734680718473,0.030579339180482862,1
438,0.43748459351287405,0.5422742261350231,0.020241180352102834,0
439,0.26014427967807047,0.7101085600335257,0.02974716028840379,1
440,0.15747929160918275,0.8167917921122269,0.025728916278590197,1
441,0.28719418399826124,0.6872017447106729,0.025604071291065934,0
442,0.23031653891531811,0.7412765925201571,0.028406868564524658,2
443,0.18864809762962942,0.7807120311157234,0.03063987125464726,0
444,0.5024014893795822,0.4787877324176977,0.018810778202720174,0
445,0.08151742725004402,0.8909410239493777,0.027541548800578297,2
446,0.30173794521522196,0.6725884250211396,0.025673629763638496,2
447,0.18387144796802846,0.7859375584753467,0.03019099355662473,1
448,0.0419205306752289,0.9229480933206972,0.03513137600407382,1
449,0.3105626089545581,0.6624967999048575,0.02694059114058435,0
450,0.18586211005470687,0.7836686650445945,0.030469224900698758,0
451,0.15716235763480152,0.8173576910151005,0.025479951350097996,2
452,0.240859445166687,0.7300917055074501,0.0290488493258629,0
453,0.7175635063980969,0.1648424520713604,0.11759404153054277,1
454,0.38082842102695214,0.5967253724089872,0.02244620656406074,0
455,0.33290156678107935,0.6429266422095199,0.02417179100940065,1
456,0.2044992707266744,0.7668545767606105,0.028646152512715052,1
457,0.20469138088957833,0.7621135324560695,0.033195086654352134,1
458,0.15497318521713865,0.7134397010352723,0.13158711374758897,2
459,0.1925532727470254,0.7761411988614191,0.03130552839155556,1
460,0.18815267567614177,0.786270535385837,0.025576788938021188,1
461,0.19693411928360027,0.7733681438384209,0.029697736877978814,0
462,0.15368078478263633,0.8211280102036318,0.02519120501373194,1
463,0.04014960017774046,0.928608398862166,0.031242000960093715,2
464,0.03328245451964978,0.9376653617172456,0.029052183763104554,2
465,0.18401682605751427,0.7860521457571303,0.029931028185355334,0
466,0.3020443136544302,0.6721894671165191,0.02576621922905066,1
467,0.030606453842110283,0.9405186951855029,0.02887485097238689,2
468,0.1597796961643103,0.8139721380665274,0.026248165769162328,1
469,0.08337571408544554,0.8821518136386226,0.03447247227593193,1
470,0.7720518325490431,0.11656634590823396,0.11138182154272305,2
471,0.19164395807401174,0.7763014235495023,0.032054618376486044,2
472,0.19184342480705033,0.7768557239956124,0.03130085119733739,1
473,0.3196486692784921,0.6520152159510567,0.02833611477045125,0
474,0.16673663999427013,0.8080735715683547,0.025189788437375165,1
475,0.1854587560565302,0.7843416756449456,0.030199568298524212,1
476,0.06065217648537111,0.904770178109951,0.034577645404678024,2
477,0.06387718827733926,0.9070132372864099,0.029109574436250844,1
478,0.18198630785084463,0.7884266561810729,0.02958703596808248,1
479,0.1833988551080978,0.7846631057551182,0.031938039136783905,0
480,0.18969008244559524,0.779481447530036,0.030828470024368584,1
481,0.18179570796468245,0.787379360988529,0.03082493104678847,1
482,0.1789165139241018,0.7913599983352491,0.029723487740649084,1
483,0.7469194468877398,0.1293984172680261,0.12368213584423396,1
484,0.18739072186928687,0.7821413369903725,0.03046794114034052,1
485,0.1332489907326919,0.840721071446222,0.02602993782108621,2
486,0.15844193810002288,0.8159065579916255,0.02565150390835157,2
487,0.38018832046909373,0.5576342045778808,0.062177474953025405,1
488,0.18091586492534162,0.7896343442432261,0.029449790831432208,1
489,0.38687044848671015,0.5905401710120544,0.022589380501235615,0
490,0.19203670061496542,0.7739000194542005,0.0340632799308341,1
491,0.29134016586600375,0.6825278988847725,0.02613193524922372,0
492,0.18615680427394268,0.7834174963268922,0.03042569939916521,1
493,0.3867491016471528,0.5941920219397894,0.019058876413057743,0
494,0.13570216513922076,0.8381019816149493,0.026195853245829806,1
495,0.1872905894143911,0.7825696252354882,0.03013978535012056,0
496,0.26029611752929543,0.712129692933081,0.02757418953762364,0
497,0.21175362261407207,0.7596423057560505,0.02860407162987758,0
498,0.20534896055932728,0.7610484691928878,0.03360257024778491,1
499,0.2511473102272587,0.7215900244874768,0.027262665285264536,0
500,0.2091513707022376,0.7608463997170889,0.030002229580673445,0
501,0.17639683512616092,0.7944062658528097,0.029196899021029437,2
502,0.2338404552697865,0.7379870375894432,0.028172507140770364,0
503,0.3237718194811953,0.6506839079018453,0.02554427261695943,1
504,0.18085721941514346,0.7944413422621219,0.024701438322734675,2
505,0.27374915587674137,0.7000099659868854,0.026240878136373307,0
506,0.1898646419101344,0.77583468703534,0.0343006710545255,1
507,0.25467448450204494,0.7158154194745803,0.02951009602337479,0
508,0.3295036320955394,0.6429214486446281,0.027574919259832378,1
509,0.2052922225150039,0.76560089891542,0.029106878569575997,1
510,0.19160629103923993,0.7781346080180107,0.030259100942749265,0
511,0.2843869894491682,0.6888399021138522,0.026773108436979505,0
512,0.06650358564314313,0.8946013754930229,0.03889503886383403,1
513,0.2209050417767993,0.750962011233187,0.02813294699001367,0
514,0.2016363919696326,0.7680249967230204,0.030338611307347055,0
515,0.17682468035726537,0.7937219376054065,0.029453382037327988,0
516,0.18078125120553667,0.7896436438171855,0.0295751049772777,0
517,0.19130922873570555,0.7794240724447098,0.029266698819584814,0
518,0.20575637252628878,0.7658447962861344,0.028398831187576745,0
519,0.06456789804046158,0.9043964664617364,0.031035635497802083,2
520,0.1433457852806172,0.8206650862067326,0.03598912851265019,1
521,0.1820224831364062,0.7881601388928838,0.029817377970709973,1
522,0.160240699796323,0.813711080416755,0.02604821978692206,1
523,0.18615509133157804,0.7838466330620912,0.02999827560633071,1
524,0.18306858937707654,0.7872111471176213,0.029720263505302123,1
525,0.20485950747005013,0.7614938180310121,0.03364667449893769,1
526,0.6752625072396967,0.21449391697441672,0.11024357578588657,2
527,0.20445915683602897,0.7701393256375342,0.025401517526436806,0
528,0.1887012975269354,0.7794038215770241,0.031894880896040326,1
529,0.19170817025791853,0.7769493101995041,0.031342519542577385,1
530,0.04859400959829912,0.922707895481107,0.02869809492059385,2
531,0.19862180708012386,0.7722117016017894,0.02916649131808676,0
532,0.06365536648530996,0.8841563746149317,0.05218825889975832,2
533,0.18633653210207715,0.7832699795000397,0.03039348839788302,0
534,0.18538515357145716,0.7845056520520336,0.03010919437650915,1
535,0.15347327465382962,0.821492536244273,0.025034189101897426,2
536,0.28916285666331565,0.6853787708356791,0.02545837250100525,0
537,0.1896683806261954,0.7794057551872093,0.03092586418659527,1
538,0.19408047146492974,0.7764111927842616,0.029508335750808502,0
539,0.04674500871108841,0.924558529768567,0.02869646152034453,2
540,0.06276892033418346,0.902334357528672,0.034896722137144565,1
541,0.34682528988633565,0.6308285047699218,0.022346205343742556,0
542,0.17282689461021747,0.7948212209212406,0.03235188446854181,1
543,0.7494495689861944,0.12912408849721937,0.12142634251658609,2
544,0.18099023528646932,0.789499675465398,0.029510089248132653,0
545,0.19079531818607678,0.7798344447463126,0.029370237067610674,1
546,0.1857431966829882,0.7796351310281185,0.034621672288893277,1
547,0.24172739964810186,0.7301573880305483,0.02811521232134983,1
548,0.23593759730903638,0.7366415307720208,0.027420871918942765,0
549,0.1433109125553398,0.8202751252091429,0.036413962235517246,2
550,0.6270242576618714,0.26782370028448216,0.10515204205364634,2
551,0.18084222765951136,0.7896466008337424,0.02951117150674624,0
552,0.16191758691835445,0.8118503082386272,0.026232104843018182,1
553,0.2402785058162277,0.7322837080344189,0.027437786149353428,0
554,0.17752812741657797,0.7934425642907936,0.02902930829262834,1
555,0.3976984086254459,0.5804711316971735,0.02183045967738068,0
556,0.0868894889047009,0.8849835043664624,0.02812700672883667,1
557,0.2160353373825029,0.755162082223479,0.02880258039401815,0
558,0.1818996672495434,0.7876982758458687,0.030402056904587905,1
559,0.20749869200796017,0.7625686323884573,0.029932675603582485,1
560,0.21010927842082536,0.761369270134133,0.028521451445041698,0
561,0.41236579975216636,0.5660987207701496,0.02153547947768395,0
562,0.41751889577774387,0.5613282159559768,0.021152888266279406,1
563,0.2225683792109384,0.7481131362839559,0.029318484505105838,1
564,0.5738587775054724,0.41073123849517257,0.015409983999355068,0
565,0.224209857102204,0.7474602713583804,0.028329871539415654,1
566,0.24832675625019848,0.7202402630767635,0.03143298067303808,0
567,0.06050447105050394,0.9049736757036941,0.03452185324580193,1
568,0.18742556429703977,0.781954264596642,0.03062017110631827,1
569,0.03386613927673813,0.9374605142994168,0.02867334642384501,2
570,0.20648602785220174,0.7605438967249257,0.03297007542287245,0
571,0.15912223001758222,0.8152778188654086,0.025599951117009218,1
572,0.19008688359013678,0.7784265445950983,0.031486571814764906,1
573,0.18769597427750986,0.7815943399189914,0.030709685803498702,0
574,0.22436273775831447,0.746622467640074,0.029014794601611535,0
575,0.1859475135042556,0.7836937440154436,0.030358742480300866,1
576,0.3578982000745776,0.618177879428072,0.023923920497350388,0
577,0.45091035238951105,0.4752118638874726,0.07387778372301619,2
578,0.19953642146609982,0.7667545846519936,0.03370899388190657,1
579,0.18734154098176323,0.7812004031311632,0.03145805588707356,1
580,0.19967185644762897,0.7686205021065333,0.03170764144583767,1
581,0.1822757636543742,0.7879225859075639,0.029801650438061874,0
582,0.1908769747777113,0.7779706736631565,0.03115235155913222,0
583,0.10009145819748243,0.8726046103391054,0.02730393146341222,2
584,0.2541484622280671,0.5990995917089453,0.14675194606298764,2
585,0.1823940742036665,0.7879971788851576,0.02960874691117583,1
586,0.4226222942778978,0.5552879594227104,0.022089746299391762,0
587,0.06934318914725406,0.8937386369514502,0.03691817390129571,0
588,0.30430487181873567,0.670299397509738,0.025395730671526413,0
589,0.19993194540323,0.7703992498477125,0.02966880474905749,1
590,0.18336455664175816,0.7867339674753678,0.029901475882874024,1
591,0.2797913752553714,0.6939274911224855,0.026281133622143127,0
592,0.048524836523360836,0.9209890780815885,0.030486085395050683,1
593,0.19103511110297047,0.7778387657331002,0.03112612316392936,1
594,0.2637215501211017,0.7081794774876129,0.028098972391285375,0
595,0.04723051468847309,0.9191705126773653,0.03359897263416164,1
596,0.24419816376480488,0.7283992975927813,0.027402538642413883,1
597,0.6261747452410186,0.2704097774300765,0.10341547732890488,2
598,0.23750904952551538,0.7341408755644221,0.028350074910062494,1
599,0.05144031710346584,0.9135235560131801,0.035036126883354,1
600,0.20077973132403779,0.7674030546753876,0.031817214000574544,0
601,0.19841058988098306,0.7692726796413079,0.03231673047770914,0
602,0.19252484233187878,0.7768280879983884,0.030647069669732824,1
603,0.20429265457673226,0.7622922795021082,0.0334150659211595,1
604,0.1827050000611415,0.7865305919092748,0.030764408029583714,1
605,0.20487308908218704,0.7620291627593959,0.0330977481584171,1
606,0.5732918517036578,0.41127444229389776,0.015433706002444432,0
607,0.16775266975804023,0.8021882354185325,0.030059094823427352,1
608,0.3955998294794838,0.5822057049982822,0.02219446552223406,0
609,0.1834757064222852,0.7862354975422663,0.030288796035448397,1
610,0.18702313951268487,0.7823539964818075,0.030622864005507594,0
611,0.2597563326851719,0.7128750751012725,0.027368592213555608,1
612,0.1539461453592008,0.8204975502721447,0.025556304368654498,2
613,0.15516858663469082,0.8196222420209843,0.025209171344324904,2
614,0.18236988421690417,0.7879496478124481,0.0296804679706477,1
615,0.10552883102848291,0.8571907174330311,0.03728045153848605,1
