,topology,centrality,position,label
0,0.523874079568721,0.4669234862523222,0.00920243417895681,2
1,0.4961186879888996,0.49470299528332357,0.009178316727776968,2
2,0.4666716037675573,0.5252383577292452,0.008090038503197434,0
3,0.37524379993729073,0.6143895368070732,0.01036666325563608,0
4,0.5401244940293255,0.4531475384984991,0.006727967472175426,1
5,0.2732708550024152,0.7163076254428005,0.010421519554784346,1
6,0.4739021118317335,0.5179897023348082,0.008108185833458167,2
7,0.4127477574435042,0.5769867284633485,0.010265514093147233,1
8,0.45501829084087647,0.5351375200936728,0.009844189065450855,1
9,0.4680216948060091,0.5227382819414852,0.009240023252505796,2
10,0.39950578716242563,0.5919737633937269,0.008520449443847503,1
11,0.5929703492727386,0.3986712086447084,0.008358442082552972,2
12,0.2679997561262902,0.7218982204163295,0.010102023457380446,1
13,0.4112949595899333,0.579201886966232,0.009503153443834674,1
14,0.5106423739288934,0.47956859471842206,0.009789031352684458,2
15,0.5151293464701278,0.4757304478001147,0.009140205729757546,2
16,0.5289023572376726,0.46447592169648305,0.006621721065844333,1
17,0.4001758700997693,0.59160378373802,0.008220346162210804,1
18,0.38248712591529055,0.6081822806895197,0.009330593395189704,0
19,0.5184734717471473,0.47471391114681466,0.006812617106038102,2
20,0.4838400223466627,0.508457973763675,0.0077020038896623965,1
21,0.2663069091008414,0.723065412987764,0.01062767791139471,0
22,0.5546515043081182,0.43836824295379556,0.006980252738086347,1
23,0.432875039446754,0.5576048978166277,0.00952006273661826,1
24,0.38693166351177144,0.6035411254239839,0.009527211064244609,0
25,0.36583307344692445,0.6254220818965083,0.00874484465656727,0
26,0.5474427387480105,0.4437698515191266,0.008787409732862999,2
27,0.42578574612632797,0.5636461359786317,0.010568117895040313,1
28,0.4229556625296487,0.5686108407380912,0.008433496732260144,0
29,0.4607800581289074,0.5319520967893245,0.0072678450817680144,0
30,0.2946451787446929,0.6937229495559434,0.011631871699363744,1
31,0.5196549751553422,0.4731080909148746,0.007236933929783321,1
32,0.2639659049966339,0.7254740236310756,0.010560071372290583,0
33,0.47870843821063136,0.5128877737427903,0.008403788046578346,2
34,0.4930891216585031,0.4983612031743259,0.00854967516717099,2
35,0.5514420760711889,0.4399319436798841,0.00862598024892707,2
36,0.5124415537348066,0.48071208560714157,0.006846360658051871,0
37,0.5543272404554669,0.43769327786345935,0.007979481681073713,2
38,0.27547324411993046,0.7123994634305345,0.012127292449535157,1
39,0.3009078096510174,0.6882910998721228,0.01080109047685993,2
40,0.44192748808087107,0.5498348969952008,0.008237614923928067,2
41,0.4840605924874914,0.5085179479870094,0.007421459525499112,2
42,0.4729553765619386,0.5201606094171223,0.006884014020939037,1
43,0.43490387271786507,0.5566291706495744,0.008466956632560588,1
44,0.4180459044484565,0.573094208816323,0.008859886735220547,1
45,0.5021213345475063,0.48873099644809215,0.009147669004401603,2
46,0.5021418281894018,0.4896147073041902,0.008243464506408001,2
47,0.3615867610300155,0.6257553046560824,0.01265793431390202,2
48,0.507591933626069,0.48349872959010803,0.0089093367838229,2
49,0.5084549364041533,0.48394919256002805,0.007595871035818677,2
50,0.5486039080810834,0.4433823763897175,0.00801371552919914,2
51,0.4259275951454739,0.565713951415857,0.008358453438669084,1
52,0.5090301339442227,0.48157834931146987,0.009391516744307495,2
53,0.3382567673230757,0.6519421457040914,0.009801086972832943,1
54,0.40606201990384194,0.5852126451705872,0.008725334925570842,1
55,0.5946251637973192,0.3975632302945997,0.007811605908080985,2
56,0.5335809394081942,0.4589257966991447,0.007493263892661093,1
57,0.518994841489462,0.4741903593630563,0.006814799147481698,2
58,0.5594096827739661,0.4334766196865607,0.007113697539473131,2
59,0.5221993348888774,0.4688916749978687,0.008908990113254047,2
60,0.5025870234169376,0.48703654019141873,0.010376436391643639,2
61,0.44672736917173805,0.5457135938890968,0.0075590369391650356,0
62,0.5564422179539507,0.4350609359688767,0.00849684607717274,2
63,0.5731216252976372,0.41887877661717954,0.007999598085183303,1
64,0.3513565701047798,0.6399979614313329,0.008645468463887395,0
65,0.3682099560107273,0.6225698000129336,0.009220243976339098,1
66,0.2870481433571018,0.7027540072571785,0.01019784938571972,0
67,0.40857308466876824,0.5825659878562582,0.0088609274749735,0
68,0.5077806867130322,0.4855241159109743,0.006695197375993484,1
69,0.5061924694677357,0.48480453867211226,0.00900299186015204,2
70,0.4852042327632011,0.5047479677487058,0.01004779948809321,2
71,0.27438441475529585,0.7151454327169056,0.010470152527798482,0
72,0.5972290618800449,0.39440972984551814,0.008361208274436892,2
73,0.3787460253275536,0.6116607799745044,0.009593194697942033,1
74,0.35514337851180383,0.6333221827500929,0.011534438738103182,1
75,0.4009670154503661,0.5904291440716697,0.00860384047796427,1
76,0.26240051716676793,0.7267136194764044,0.010885863356827476,1
77,0.35140208750824753,0.6380123168396369,0.010585595652115613,1
78,0.33884614094334664,0.6523203668822085,0.008833492174444917,0
79,0.37917995592793374,0.6122103684312882,0.008609675640778,1
80,0.3536164063836937,0.6365771879398098,0.009806405676496531,1
81,0.4135477022545164,0.5782475931370292,0.00820470460845442,1
82,0.38450861264897834,0.6044646798894167,0.01102670746160507,1
83,0.5228071913940033,0.46725851801893703,0.009934290587059622,2
84,0.34781417666961806,0.6426872424432188,0.009498580887163186,0
85,0.5474975498995632,0.4461097955257644,0.006392654574672381,1
86,0.3377719358765482,0.6511926631244235,0.011035400999028383,1
87,0.40372197520736186,0.5872895910287249,0.00898843376391321,1
88,0.3245797154819827,0.6651384255757259,0.010281858942291302,0
89,0.5466286064028997,0.4460389591604365,0.00733243443666378,2
90,0.3060695818819361,0.683723306105617,0.010207112012446814,0
91,0.3886465827558657,0.6023401686512637,0.009013248592870613,0
92,0.5951617893462546,0.3970605975273166,0.007777613126428825,2
93,0.35136493677670405,0.6379578263544893,0.010677236868806662,1
94,0.4283374657716948,0.5607182000138561,0.010944334214449057,1
95,0.464447633440294,0.528093055200661,0.0074593113590450625,1
96,0.5922090269128751,0.40077697706880594,0.0070139960183189945,2
97,0.48806059465185236,0.5047878750404865,0.007151530307661121,1
98,0.5602788752654672,0.4316227960960474,0.008098328638485324,2
99,0.3588104336159157,0.6316186139048727,0.00957095247921155,0
100,0.287668429893987,0.7024379950805645,0.009893575025448601,0
101,0.3410634757326672,0.6499552358322024,0.008981288435130463,1
102,0.2982826211523642,0.6893304905298296,0.012386888317806181,1
103,0.35741887154895075,0.6341438528796872,0.008437275571362047,0
104,0.3340721524123522,0.656109057249035,0.009818790338612776,0
105,0.5693713462217043,0.42288275846186235,0.00774589531643342,1
106,0.3714773719998461,0.6195127601306751,0.00900986786947876,1
107,0.3810727350539111,0.6089592428651153,0.009968022080973558,2
108,0.2703450214123982,0.7209760633197502,0.008678915267851596,0
109,0.28191306429879115,0.707437277788884,0.010649657912324922,1
110,0.520874565960239,0.4704524952641408,0.008672938775620243,2
111,0.5667468141562664,0.4247271608338772,0.008526025009856589,2
112,0.5042703150635395,0.48770256826212127,0.008027116674339085,1
113,0.36500891879053127,0.6263161921602325,0.008674889049236334,1
114,0.43852258507817193,0.5512078452610375,0.010269569660790474,2
115,0.5526926393028158,0.4383058697145778,0.009001490982606533,2
116,0.26007942248419813,0.729393070785109,0.010527506730692995,0
117,0.5732548396298721,0.417867194089158,0.00887796628096973,1
118,0.6069223390068121,0.3852142961435837,0.00786336484960419,2
119,0.2970919729246643,0.6927092119371242,0.010198815138211439,0
120,0.5052145061697204,0.48726725069468024,0.007518243135599244,2
121,0.5819567101405265,0.4097406323865261,0.008302657472947296,2
122,0.5127662466397881,0.48022959372440843,0.0070041596358033885,0
123,0.3425121035876333,0.6486452203285371,0.008842676083829585,1
124,0.4533602023652104,0.5380584930581503,0.008581304576639203,2
125,0.5233291678556222,0.46705158615402276,0.009619245990354939,2
126,0.38663535670481797,0.6053908488413371,0.007973794453844975,1
127,0.51960451629435,0.47104172871197897,0.009353754993670983,2
128,0.39469712499116305,0.5932910137726272,0.012011861236209712,1
129,0.4456325425285799,0.5431009985846078,0.011266458886812372,1
130,0.5240628049780436,0.4672003732276945,0.008736821794261872,2
131,0.3316967549353521,0.6582803367794143,0.0100229082852335,0
132,0.41988033640283,0.5715760164394517,0.008543647157718295,1
133,0.4392768650258717,0.5532455121605488,0.007477622813579517,1
134,0.2684421006682539,0.7208650394031475,0.010692859928598527,0
135,0.5302631828377923,0.46041675245669095,0.00932006470551674,1
136,0.27888464224213066,0.709863482567368,0.011251875190501281,1
137,0.3620073144146809,0.6275401412249091,0.010452544360409786,0
138,0.5942186939084635,0.39810088694818024,0.00768041914335625,2
139,0.3093303107742879,0.6807018795030804,0.009967809722631693,0
140,0.5957809884257537,0.3964944538837986,0.0077245576904477345,2
141,0.5326118695815432,0.4583867251450534,0.009001405273403403,2
142,0.4855301826971372,0.5076306318605406,0.0068391854423221305,0
143,0.458735352540811,0.533427091736226,0.007837555722962932,1
144,0.3545300060912187,0.6362736961140372,0.009196297794744181,1
145,0.374078098761491,0.6161778020692368,0.009744099169272288,1
146,0.2763644800033082,0.7139996292948249,0.009635890701867015,0
147,0.2752797680145482,0.7140914793006933,0.010628752684758548,0
148,0.2671527935969846,0.7223448720443492,0.010502334358666253,0
149,0.31735605057564387,0.6731846137547743,0.009459335669581863,0
150,0.2986389765248731,0.6918172534241841,0.00954377005094292,0
151,0.2866411580013193,0.7024669864207793,0.010891855577901335,1
152,0.5450644702253933,0.4463360427286721,0.008599487045934572,2
153,0.27022774829843643,0.7187504446470127,0.011021807054550916,0
154,0.4341565618813035,0.5556146893884502,0.01022874873024633,2
155,0.6083877878601107,0.38441309860326506,0.007199113536624206,2
156,0.41836494615311903,0.5703303624386954,0.0113046914081856,2
157,0.5851338896373923,0.40677679033000097,0.008089320032606708,2
158,0.3069096703280918,0.6824354212919657,0.010654908379942676,1
159,0.3652939103386346,0.6257083515064557,0.008997738154909795,1
160,0.34909672683844617,0.6410151923410914,0.009888080820462351,1
161,0.2795160539381338,0.7105662441285128,0.009917701933353408,1
162,0.3941979074756667,0.5974893545875698,0.008312737936763561,0
163,0.5205632156498123,0.4717143940286942,0.007722390321493394,2
164,0.3069436377210189,0.6836212193406651,0.009435142938315879,0
165,0.5396307885981698,0.4520199214993795,0.00834928990245061,2
166,0.5973838795347276,0.39517588607323745,0.007440234392034941,1
167,0.30175611604258096,0.6890461921523964,0.0091976918050226,0
168,0.49528584317657653,0.49485214048397813,0.00986201633944539,2
169,0.32890056492807734,0.6609418289488153,0.010157606123107375,0
170,0.3027355276134527,0.6869865734910698,0.010277898895477497,0
171,0.5253564204214509,0.4661931386240157,0.00845044095453329,2
172,0.3306000051799491,0.6601621552874701,0.009237839532580797,0
173,0.3800538820907311,0.6113444813365967,0.00860163657267215,1
174,0.3346608728716419,0.6546827674436111,0.010656359684747046,1
175,0.3360313772547248,0.6542316144200225,0.009737008325252641,1
176,0.3281245692524149,0.6602938482000243,0.011581582547560778,1
177,0.3590202055996642,0.6316445885505201,0.009335205849815693,0
178,0.31143067462597585,0.6792120865293635,0.009357238844660637,0
179,0.4012187741242702,0.5904453008941151,0.00833592498161471,0
180,0.4013991914779694,0.5891580976793577,0.009442710842673082,1
181,0.3164732009182928,0.673883191449529,0.009643607632178279,0
182,0.5414428424545761,0.4493938482821785,0.009163309263245493,2
183,0.46398960336583817,0.5279390995239385,0.008071297110223207,1
184,0.3727455519073395,0.6175629022567274,0.009691545835933155,1
185,0.2955629021372414,0.6949451416890904,0.009491956173668272,0
186,0.2621775255813375,0.7278543715773498,0.00996810284131269,1
187,0.2789817127871919,0.711169934147561,0.00984835306524711,0
188,0.3593790811686966,0.6314960109722375,0.009124907859065917,0
189,0.32789106324223016,0.6617693338679034,0.01033960288986654,0
190,0.3326072468401465,0.6570957378326616,0.0102970153271918,1
191,0.31348332089248965,0.6755549109280673,0.010961768179443053,1
192,0.43362604787821213,0.5578803086406053,0.008493643481182553,2
193,0.44667194176401637,0.543970874491717,0.009357183744266568,1
194,0.27092489841028633,0.7185343937388435,0.01054070785087016,0
195,0.37611013267170995,0.6142175086488543,0.009672358679435862,0
196,0.4356144189047934,0.5566612697976832,0.0077243112975234245,2
197,0.5678213484116791,0.4248792586909454,0.007299392897375524,2
198,0.31310574058048135,0.6768513485601632,0.010042910859355422,0
199,0.4039093406496375,0.5866688597541873,0.00942179959617524,0
200,0.2777380017493531,0.7126367174932238,0.009625280757423148,0
201,0.5276601472002664,0.465095202554019,0.007244650245714586,1
202,0.27163195242863314,0.7174303108670602,0.010937736704306658,1
203,0.4467358820579022,0.5425287105886474,0.01073540735345038,2
204,0.35676593517303196,0.6338351459674358,0.009398918859532278,0
205,0.5344491962835412,0.4574653126659348,0.00808549105052405,1
206,0.2931934328530438,0.6974087810563477,0.009397786090608467,1
207,0.27126078051884184,0.7177091964568029,0.011030023024355209,0
208,0.5880748798110612,0.4049039196927435,0.007021200496195393,2
209,0.36837024455189915,0.6220254427627814,0.009604312685319442,0
210,0.30114768238275097,0.6884248689168639,0.010427448700385148,0
211,0.46370094262457806,0.5279612279272414,0.0083378294481804,2
212,0.33984524980000075,0.65060717976595,0.009547570434049434,0
213,0.32408835961093624,0.6652802618110152,0.01063137857804846,1
214,0.2921638526930923,0.6979272585967832,0.009908888710124537,0
215,0.3946249899312953,0.5964293733909332,0.008945636677771523,1
216,0.26510511760737915,0.724976846899226,0.009918035493394907,0
217,0.500738272474111,0.4907463674680775,0.008515360057811486,1
218,0.5248976810205501,0.4664274336890238,0.00867488529042621,1
219,0.2699213139218694,0.7191605795140424,0.010918106564088115,0
220,0.3568262616466103,0.6336118282320335,0.009561910121356144,1
221,0.29889237159808046,0.6906806007653352,0.010427027636584374,1
222,0.5019993411726976,0.4881769820510801,0.009823676776222286,2
223,0.36509262551909033,0.6258655102210373,0.00904186425987245,1
224,0.3855637071855969,0.6051125566924247,0.00932373612197844,0
225,0.26889310859748206,0.7209592455279157,0.010147645874602212,0
226,0.2804505811753509,0.7094618824679387,0.0100875363567105,1
227,0.44584727946422237,0.5456642293022317,0.008488491233545985,0
228,0.2675163394245049,0.7206734986732622,0.011810161902232854,1
229,0.3194533946479255,0.6706001442740367,0.00994646107803781,1
230,0.3531253281670478,0.6369066939544175,0.009967977878534698,1
231,0.524775532062245,0.46846754459785994,0.0067569233398949305,2
232,0.45743686569572706,0.5338312083042239,0.008731926000049052,1
233,0.2665530021718813,0.7234048621926162,0.010042135635502554,0
234,0.5154176408457151,0.4763311572107216,0.008251201943563378,2
235,0.3438442726649455,0.6473347398217161,0.00882098751333849,0
236,0.2704310973658985,0.719589824659503,0.009979077974598377,0
237,0.54251164923046,0.44861547533337104,0.008872875436169032,1
238,0.30398470594842963,0.6861192329503788,0.009896061101191518,1
239,0.5734696504131539,0.41923946648487354,0.007290883101972467,2
240,0.4140061213585815,0.5774057602573603,0.008588118384058239,1
241,0.4950835093199504,0.4978770271792635,0.007039463500786093,1
242,0.4092766950783575,0.5817182722916812,0.009005032629961366,1
243,0.4899208584904619,0.49966705674344175,0.0104120847660964,2
244,0.3562893565476839,0.632244210341196,0.01146643311112014,2
245,0.27654491512267104,0.7136058685807914,0.009849216296537447,1
246,0.39660017084341714,0.5946961818040952,0.008703647352487562,1
247,0.5255882388260908,0.4652467051055025,0.009165056068406655,2
248,0.4761707948620991,0.5158636702908569,0.007965534847044004,1
249,0.49205528627126155,0.49929687536371203,0.00864783836502637,0
250,0.32785701504695375,0.6600255956483345,0.012117389304711748,1
251,0.3015748928168076,0.6877022995143761,0.010722807668816335,1
252,0.41694381049250806,0.5725593185306114,0.010496870976880582,1
253,0.4491517644213048,0.5431188397697807,0.007729395808914553,2
254,0.32852041151426753,0.6608913453891428,0.010588243096589543,0
255,0.28088795739061545,0.7103538975497794,0.008758145059605147,0
256,0.5358965626331825,0.45416972596426014,0.009933711402557324,2
257,0.5355567096935773,0.4574037345807747,0.007039555725647984,1
258,0.3638558751642148,0.6265822924352139,0.009561832400571117,0
259,0.48446686435871045,0.5086091322576171,0.006924003383672583,0
260,0.31235383284511653,0.6771188351500408,0.010527332004842802,1
261,0.28201151102317873,0.7077788202728786,0.010209668703942722,1
262,0.38727197673568237,0.603558156566666,0.009169866697651746,1
263,0.37928382415314177,0.612423903910532,0.008292271936326303,0
264,0.4481125705565119,0.5438500467503722,0.008037382693115866,0
265,0.5486226219762379,0.444398520894598,0.006978857129164051,1
266,0.3479096485576952,0.6428854969138801,0.009204854528424624,1
267,0.39922134328975956,0.5893853062943466,0.011393350415893856,2
268,0.49976678184160656,0.4902505703172318,0.009982647841161735,2
269,0.4913682808225986,0.5009374531057236,0.0076942660716778095,0
270,0.3647086301953001,0.6263401875569007,0.008951182247799182,0
271,0.3013165459585107,0.6883601536534791,0.010323300388010185,1
272,0.34640731337856456,0.6444611833473131,0.00913150327412235,1
273,0.499676774560336,0.4916418348068987,0.008681390632765358,2
274,0.4391837185191918,0.5528973890578972,0.007918892422911033,1
275,0.3995510912279305,0.5922226177671945,0.008226291004874871,0
276,0.32482291937558916,0.6645226198116571,0.010654460812753752,1
277,0.4318309862284568,0.5600766403766134,0.00809237339492982,1
278,0.493734906797654,0.4972336708090858,0.009031422393260203,2
279,0.3903864336213784,0.6012641897302331,0.008349376648388524,1
280,0.41245246383162165,0.5781909643868983,0.009356571781480019,1
281,0.36315908003674424,0.6268884164148569,0.009952503548398836,0
282,0.3699479106695267,0.6199940505363668,0.010058038794106527,1
283,0.38365279657969775,0.6073428206040828,0.009004382816219495,1
284,0.35968251921002786,0.6316640688801574,0.00865341190981469,1
285,0.28010345016768984,0.7097010342984824,0.010195515533827765,0
286,0.27464620761724917,0.7140032348966273,0.011350557486123493,0
287,0.5196190546778997,0.47371285737456775,0.006668087947532596,1
288,0.3442666743393858,0.6452631181165165,0.010470207544097752,1
289,0.5355181982216718,0.4573943666392187,0.0070874351391094935,0
290,0.47198913330310927,0.5208165775013062,0.0071942891955845585,2
291,0.4196887538881182,0.5711762393703735,0.009135006741508269,1
292,0.42204266735850254,0.5678529615024652,0.010104371139032151,1
293,0.41044998917550524,0.581545829727587,0.008004181096907814,1
294,0.5266839775249557,0.4645582591094827,0.008757763365561763,2
295,0.41844848997489353,0.5726040795394822,0.008947430485624339,1
296,0.3395785730620496,0.6506883750116116,0.009733051926338816,1
297,0.4666008267687706,0.5259083426631972,0.007490830568032125,0
298,0.39639372251184757,0.5946360966139799,0.008970180874172616,0
299,0.35709454669772317,0.6338926524695082,0.009012800832768727,1
300,0.5179677182603479,0.47279912870857205,0.009233153031079994,2
301,0.5436068861909641,0.4481876508235719,0.008205462985463926,2
302,0.26581142291396165,0.723666998702201,0.010521578383837498,0
303,0.33038080449329066,0.6604999251843674,0.00911927032234204,0
304,0.42963560222394637,0.562738041305087,0.007626356470966667,0
305,0.267233286204301,0.7210025108400591,0.011764202955640013,0
306,0.5656637527716433,0.4261460966895152,0.008190150538841498,2
307,0.2668066938596456,0.7218323139577782,0.011360992182576087,0
308,0.43148095144618304,0.5599988710351975,0.008520177518619438,0
309,0.390334928612578,0.6013475099319741,0.008317561455447924,0
310,0.42963106283919417,0.5624889965835757,0.007879940577230172,0
311,0.434207497399192,0.5558279862776812,0.009964516323126815,2
312,0.2659161707694444,0.7248951066765493,0.009188722554006344,0
313,0.40214367218217534,0.5893215236577526,0.008534804160072048,0
314,0.2729504999503926,0.7167169030389519,0.010332597010655547,0
315,0.5003936364809921,0.49251782911105657,0.007088534407951303,1
316,0.2755358624894227,0.7133475932226565,0.011116544287920816,1
317,0.3374142597506729,0.6524238517584179,0.01016188849090937,1
318,0.4062966027109138,0.5844107799511131,0.009292617337973066,0
319,0.5066323583540834,0.4842952685843791,0.0090723730615376,0
320,0.5209791397047978,0.4694341672373901,0.009586693057812104,2
321,0.38939814621353297,0.6017555244899561,0.008846329296510875,0
322,0.32511132425198214,0.664789657840227,0.010099017907790794,1
323,0.3883555805118392,0.6025888939826989,0.009055525505461877,1
324,0.480335325913741,0.5124860615957687,0.007178612490490279,1
325,0.3145104563839449,0.6747891150359617,0.010700428580093218,1
326,0.2902611467533095,0.6988242945169151,0.010914558729775412,0
327,0.46661399616302723,0.5256158045843761,0.00777019925259667,2
328,0.5079834051207116,0.48502569450938876,0.006990900369899639,0
329,0.37113210457548856,0.6171780327090183,0.011689862715493158,1
330,0.531438960082507,0.46068563387362416,0.00787540604386885,1
331,0.3664019716142996,0.6241904097796119,0.009407618606088346,1
332,0.2722421501089328,0.718388725176639,0.009369124714428183,0
333,0.4653420138199869,0.5277971091712129,0.006860877008800084,0
334,0.38628548364032533,0.6041134187298276,0.00960109762984695,1
335,0.32414643213391947,0.6657147499107955,0.010138817955285033,0
336,0.2911907357210549,0.6980663613374464,0.01074290294149867,1
337,0.496326211373598,0.4941605771127849,0.0095132115136171,2
338,0.5100268569558253,0.4808046029030355,0.009168540141139193,2
339,0.5355322134600004,0.45763075575718243,0.006837030782817201,1
340,0.26756461062996456,0.7216518278158092,0.010783561554226445,0
341,0.5107234996536297,0.4822534576505868,0.007023042695783457,0
342,0.3629746787757387,0.6277674871527837,0.009257834071477579,0
343,0.2987461579816416,0.6901882151203762,0.011065626897982087,1
344,0.4404592906108499,0.5518077115196515,0.007732997869498689,1
345,0.3768711248215123,0.6137214968202886,0.009407378358199124,0
346,0.5019004392078511,0.4894942606654983,0.00860530012665057,2
347,0.5855984375792789,0.40599949084298004,0.008402071577741121,1
348,0.5545934824014318,0.4387192811785908,0.006687236419977416,1
349,0.27474189355262446,0.71508045292485,0.010177653522525643,1
350,0.28180864313481363,0.7077189375538124,0.010472419311373932,1
351,0.5029095489860429,0.49003938903864097,0.007051061975316117,1
352,0.5360185760438808,0.4569735927025955,0.007007831253523669,1
353,0.2903606772060842,0.6991255351765351,0.01051378761738066,0
354,0.5135706244823632,0.4778884486123618,0.008540926905274894,2
355,0.36826704409640315,0.6231032751899197,0.008629680713677122,1
356,0.40052350783385043,0.5913850435825221,0.008091448583627387,0
357,0.27009959468814715,0.7201523000077281,0.00974810530412482,0
358,0.32597954609462393,0.6635155250150158,0.010504928890360437,1
359,0.42551173181548985,0.5661453442443817,0.008342923940128534,1
360,0.3601427359088111,0.628831535590033,0.011025728501155855,2
361,0.3828824099720496,0.6082130654379257,0.008904524590024674,1
362,0.26723201471715546,0.7230532991197937,0.009714686163050872,0
363,0.30160073440796986,0.6873827076341963,0.011016557957833819,0
364,0.3729624492289829,0.6179829909656022,0.009054559805414955,1
365,0.3821957007532367,0.6085958027639283,0.009208496482834921,0
366,0.5230987363767547,0.46856021258484654,0.008341051038398757,2
367,0.3561915442233011,0.6321998635944072,0.011608592182291664,1
368,0.3396727352276151,0.6502462575414002,0.010081007230984743,1
369,0.4825609586235375,0.508292470940105,0.009146570436357464,2
370,0.5169746043164372,0.47400197805066746,0.009023417632895407,2
371,0.5344368069894184,0.4562672262076613,0.00929596680292035,2
372,0.32164150955251747,0.6691613117555479,0.009197178691934562,1
373,0.3294244519024189,0.6607249543955165,0.009850593702064533,1
374,0.44998710451615037,0.5415842897479823,0.008428605735867217,1
375,0.47374741001327064,0.518251125752472,0.00800146423425743,1
376,0.44226074299841395,0.5481021058705827,0.00963715113100321,1
377,0.31190919445274384,0.6782342478437041,0.009856557703552054,0
378,0.37290431344294783,0.6173243843419962,0.009771302215055896,0
379,0.2850578372475742,0.7032939354382629,0.011648227314162925,1
380,0.3251222029294477,0.664249714891049,0.010628082179503418,1
381,0.5156071093044688,0.47669176828546234,0.00770112241006889,2
382,0.32049310359962646,0.6693862959617939,0.01012060043857961,1
383,0.28037037327839176,0.7085516094634248,0.0110780172581835,0
384,0.5178590467243691,0.47371209024317673,0.008428863032454097,1
385,0.4710376408218459,0.5212716658566144,0.007690693321539561,0
386,0.26689450890102057,0.7230386424236867,0.010066848675292655,0
387,0.5469823857078636,0.44359352029619276,0.00942409399594361,2
388,0.47004946154692817,0.5195698027425772,0.010380735710494587,2
389,0.46766682716872077,0.5252245953745603,0.007108577456718927,1
390,0.546959562800103,0.44650220687999803,0.006538230319898911,1
391,0.6066530621020026,0.3851101461357045,0.008236791762292943,1
392,0.3206638515951193,0.6699397348445304,0.009396413560350323,1
393,0.4821303562363608,0.509836027130632,0.008033616633007182,2
394,0.31018112177015206,0.68059010920758,0.009228769022267927,1
395,0.4944959017245067,0.49784100535666814,0.007663092918825259,1
396,0.38949677342201217,0.5989166801103749,0.011586546467612839,2
397,0.5146096184531749,0.4771568484428316,0.008233533103993515,2
398,0.43266280371099297,0.5584714270283909,0.008865769260616007,1
399,0.35469020661554385,0.6361237104751601,0.009186082909295974,1
400,0.3831265727321719,0.6074435446463435,0.009429882621484604,1
401,0.37159775560591246,0.6189963583231004,0.009405886070987168,1
402,0.27236261198776934,0.7165567179727664,0.011080670039464254,0
403,0.35951619256606515,0.6315996663603994,0.008884141073535337,1
404,0.27052559458608716,0.7190947371454703,0.010379668268442582,0
405,0.3235323538669088,0.666261115903137,0.010206530229954271,1
406,0.2682122301567812,0.7211435862689911,0.010644183574227778,0
407,0.542934025504256,0.45075789756771895,0.006308076928025216,1
408,0.3521294222898294,0.6387307260188926,0.009139851691278076,1
409,0.3413604092981982,0.6485320904557332,0.010107500246068575,1
410,0.39730466483245613,0.5933807456182216,0.009314589549322268,1
411,0.35616512511596976,0.6339373850821141,0.009897489801916045,2
412,0.27500998666128873,0.7143898789087677,0.010600134429943581,0
413,0.2804030012351982,0.7097353003415964,0.009861698423205513,1
414,0.6033725506585222,0.3890924064852358,0.0075350428562420396,2
415,0.2813909317226273,0.708609606987217,0.009999461290155647,1
416,0.46154159023181185,0.5312367245425794,0.007221685225608723,2
417,0.46814339532838756,0.5239039674800947,0.007952637191517856,2
418,0.48881106973155525,0.5038971815597814,0.007291748708663481,0
419,0.6037411561563828,0.3885311231010659,0.007727720742551136,1
420,0.2654904735595562,0.7240063713877871,0.010503155052656607,0
421,0.26733075729283184,0.7218448163818538,0.010824426325314435,0
422,0.5646682876504858,0.42707915510341954,0.008252557246094592,2
423,0.4813730384390889,0.510491514644256,0.008135446916655124,2
424,0.2734629661343886,0.7154795266655366,0.011057507200074708,0
425,0.3464142836521439,0.6431131159430978,0.010472600404758243,1
426,0.26804904901744403,0.7204501089563135,0.011500842026242544,0
427,0.43868934266149107,0.5533914500367222,0.007919207301786817,0
428,0.3344576819976845,0.6557082942672751,0.00983402373504039,1
429,0.4614263436806721,0.530743340961487,0.007830315357840865,1
430,0.4246945984494818,0.5665887714691383,0.008716630081379885,1
431,0.26758092331358496,0.7225525364168922,0.009866540269522836,0
432,0.3104225073326997,0.6808361880446155,0.00874130462268467,0
433,0.4537747949398901,0.5357783780321304,0.01044682702797952,2
434,0.27172263715798756,0.7179591780627533,0.010318184779259125,0
435,0.2706922001771338,0.7187376328874031,0.010570166935463159,1
436,0.4885423365508043,0.5037677760679434,0.007689887381252294,2
437,0.3949721356123691,0.5958752240199171,0.009152640367713724,1
438,0.511683111842813,0.48230496258919764,0.006011925567989267,0
439,0.26809678530508174,0.7224168849696506,0.009486329725267606,1
440,0.365057946524327,0.6246302011962812,0.01031185227939174,1
441,0.33999037641626206,0.6515474914382363,0.008462132145501513,0
442,0.28394078942273143,0.7049811724040956,0.011078038173172931,2
443,0.335629711277509,0.6548095228966863,0.009560765825804833,0
444,0.4408356762850698,0.5509707970649012,0.008193526650028985,0
445,0.4971043579435542,0.49466327775201097,0.00823236430443486,2
446,0.2757661935513855,0.7131963569835001,0.011037449465114391,2
447,0.3976606780197081,0.5936426952976136,0.008696626682678241,1
448,0.4516976957312716,0.5400577874743127,0.008244516794415745,1
449,0.287014336262322,0.7020980054820163,0.01088765825566178,0
450,0.44789436837011276,0.5442428441018315,0.007862787528055736,0
451,0.5297928938431737,0.4636031747627151,0.006603931394111128,2
452,0.269401959504249,0.7198984453109362,0.010699595184814833,0
453,0.4305809924587473,0.5588113444331013,0.010607663108151472,1
454,0.3645867880581671,0.6269862081929307,0.008427003748902167,0
455,0.2930061360462595,0.6968389731550104,0.010154890798730073,1
456,0.4029216590154988,0.589431972111254,0.00764636887324723,1
457,0.3642986568049027,0.6265042369426631,0.009197106252434074,1
458,0.4957215023464553,0.49408574120448623,0.010192756449058543,2
459,0.41688110049724425,0.5743325450484006,0.008786354454355157,1
460,0.2607689684859468,0.7291543756663462,0.010076655847707065,1
461,0.3307530157767069,0.6589040959698154,0.010342888253477591,0
462,0.36124619614158865,0.6287092097189373,0.010044594139474072,1
463,0.4396413129176752,0.5521576373048692,0.008201049777455656,2
464,0.46451042947547333,0.5256372097168523,0.009852360807674312,2
465,0.36412961325636517,0.6272982994512608,0.008572087292373945,0
466,0.2807953510163055,0.7087940832849499,0.010410565698744689,1
467,0.4345524590435185,0.5572169485987319,0.008230592357749575,2
468,0.37427410443176923,0.6167969153794755,0.008928980188755249,1
469,0.4565685973743033,0.5351695280250702,0.008261874600626452,1
470,0.3911398398351738,0.5966485702120151,0.012211589952810995,2
471,0.5268408290982389,0.4661669626243945,0.006992208277366526,2
472,0.3555179436512303,0.6347074053097992,0.009774651038970501,1
473,0.26600288168604624,0.7237615153257868,0.010235602988166921,0
474,0.2958264413664172,0.6938799726399212,0.010293585993661637,1
475,0.3335648966419333,0.6555124016924819,0.01092270166558477,1
476,0.46821312971523366,0.52470920014469,0.007077670140076301,2
477,0.4810946830579974,0.5106752354696613,0.008230081472341328,1
478,0.3063266702059728,0.6838833532777314,0.009789976516295727,1
479,0.5419429971487768,0.45138206407535786,0.006674938775865382,0
480,0.3684178397437736,0.6222534385247787,0.009328721731447831,1
481,0.43919436073142776,0.5526642305989743,0.008141408669598012,1
482,0.4675585687532779,0.5255169500429117,0.006924481203810458,1
483,0.42932901366301457,0.5597941883532942,0.010876797983691108,1
484,0.3204358097625641,0.6690118042760074,0.010552385961428533,1
485,0.5054976308682143,0.4877302080798746,0.00677216105191098,2
486,0.42307590084594,0.5676992513307142,0.009224847823345943,2
487,0.5838612654468514,0.40921392054132,0.006924814011828657,1
488,0.33951496970165745,0.651140621941148,0.009344408357194592,1
489,0.42349395443600973,0.5680432625400723,0.008462783023918102,0
490,0.49935841175421203,0.4934619528573952,0.007179635388392791,1
491,0.3017465994408965,0.688314082263508,0.0099393182955956,0
492,0.38391944725838734,0.6072001507986192,0.008880401942993471,1
493,0.4260298443244929,0.5657299286495345,0.008240227025972614,0
494,0.541682070921418,0.45098891899224364,0.007329010086338327,1
495,0.3322898998176081,0.6581026709797244,0.009607429202667613,0
496,0.2828492583565968,0.7065846196163378,0.01056612202706547,0
497,0.278102056287549,0.7119089533495514,0.009988990362899438,0
498,0.3478360127556762,0.6415575822027743,0.010606405041549475,1
499,0.270176512185314,0.7202318920214257,0.009591595793260256,0
500,0.3242145559330413,0.66694044727796,0.008844996788998633,0
501,0.34343835002011336,0.6446142344927959,0.011947415487090681,2
502,0.29532251387132474,0.6947973122118231,0.009880173916852178,0
503,0.26818628780259973,0.7203933053126652,0.011420406884735015,1
504,0.29421832644613716,0.6947299713731181,0.011051702180744721,2
505,0.38233829629414595,0.6093298468820851,0.008331856823768927,0
506,0.460443591608057,0.5320299555842554,0.007526452807687693,1
507,0.2688157929071987,0.7195137891674162,0.011670417925385292,0
508,0.27330310958449244,0.7158181431650018,0.010878747250505763,1
509,0.3089006985832896,0.6807303464930338,0.01036895492367662,1
510,0.3181918762479675,0.6716173933591749,0.01019073039285759,0
511,0.4464641567843235,0.5451454927004554,0.008390350515221153,0
512,0.45414345960892255,0.5374257747991726,0.00843076559190484,1
513,0.2610518244221716,0.729518084400929,0.009430091176899373,0
514,0.31250591972540975,0.677406449512367,0.010087630762223396,0
515,0.49506324922994366,0.4978234459042916,0.007113304865764677,0
516,0.2806468683237884,0.7097045581456348,0.009648573530576911,0
517,0.2846719012789328,0.7048219653865568,0.010506133334510469,0
518,0.3340258951755553,0.6559175273034786,0.010056577520965998,0
519,0.47322858637085174,0.5203165467446337,0.0064548668845144245,2
520,0.47641595290927635,0.5161271057679085,0.007456941322815016,1
521,0.3559232445348569,0.635222469757809,0.008854285707333891,1
522,0.41492913612128574,0.5767136914592648,0.008357172419449442,1
523,0.33094534405126064,0.6590669478488423,0.009987708099896946,1
524,0.37721843078638123,0.613861004308929,0.008920564904689834,1
525,0.40313800486960455,0.5872611896128339,0.009600805517561551,1
526,0.41899863137364773,0.5703674637402011,0.010633904886151267,2
527,0.3071074092048621,0.683239640974265,0.009652949820872718,0
528,0.5518174957918671,0.4411943930742714,0.006988111133861525,1
529,0.41950396195968737,0.5719808646989615,0.008515173341351103,1
530,0.45269939804951936,0.5395405388013315,0.007760063149149068,2
531,0.26384983647935956,0.7258138751454565,0.010336288375183952,0
532,0.4827729011558555,0.507676072399293,0.009551026444851535,2
533,0.3625098296350935,0.6288156344133539,0.008674535951552643,0
534,0.30390978947989133,0.6860905843666136,0.009999626153495145,1
535,0.4931267777405838,0.4987086210565715,0.008164601202844771,2
536,0.27042476402445836,0.719500541611625,0.010074694363916559,0
537,0.36513647892945494,0.6243703021860061,0.010493218884538918,1
538,0.27039939611090563,0.7198280807492018,0.009772523139892396,0
539,0.48121352864454947,0.5104985127207354,0.008287958634715004,2
540,0.4628409560633939,0.5296540834795171,0.007504960457088882,1
541,0.2614264309882682,0.7278087073709113,0.010764861640820439,0
542,0.5220263471899579,0.471495843071561,0.006477809738481085,1
543,0.5690780457001889,0.4219219080517056,0.00900004624810551,2
544,0.3478327117729614,0.6425821671749705,0.00958512105206808,0
545,0.282168592768921,0.7079194964575309,0.009911910773548048,1
546,0.5142064768688448,0.4786271896149385,0.007166333516216766,1
547,0.28524897811811323,0.7034796397598266,0.011271382122060216,1
548,0.2624878556763084,0.7277135438053287,0.009798600518362887,0
549,0.5172360749386529,0.4755042685965078,0.007259656464839423,2
550,0.5456095732996973,0.44530066669284274,0.009089760007459884,2
551,0.4531990054363936,0.5396491372560036,0.0071518573076027854,0
552,0.37807958580102496,0.613330936356111,0.008589477842864115,1
553,0.30817894565025045,0.6828817240694824,0.008939330280267223,0
554,0.37577270221188575,0.6134204474244864,0.010806850363627893,1
555,0.35663377815390646,0.6343161920858352,0.009050029760258253,0
556,0.4584517755019498,0.5335962493248206,0.007951975173229568,1
557,0.30496412025206654,0.6854141663203684,0.009621713427564946,0
558,0.4017657623864651,0.589442328046261,0.00879190956727386,1
559,0.29707678217412764,0.6922228900546731,0.01070032777119934,1
560,0.2663641892475898,0.7240772849903535,0.009558525762056758,0
561,0.46960445022423625,0.5227397604766066,0.007655789299157105,0
562,0.466151678615076,0.5260379172619075,0.007810404123016385,1
563,0.27551895805657234,0.7135782443833292,0.010902797560098518,1
564,0.5392339454561969,0.45434963996007366,0.006416414583729468,0
565,0.2716943059420926,0.7169863171692313,0.011319376888676147,1
566,0.26679732897475544,0.7230235627675141,0.01017910825773048,0
567,0.4609371902117505,0.5314159297497246,0.007646880038524825,1
568,0.33564690567511424,0.6538054104396095,0.010547683885276202,1
569,0.4554241898110431,0.5363268904464651,0.008248919742491794,2
570,0.32931107205000676,0.6609866417747868,0.009702286175206387,0
571,0.4060983816754055,0.5843086004646557,0.00959301785993882,1
572,0.4656844285525306,0.5261080053294328,0.008207566118036639,1
573,0.3793791938437488,0.6116883137354355,0.008932492420815482,0
574,0.2824207782484521,0.7063922916549741,0.01118693009657382,0
575,0.3918664960714553,0.5989996059210968,0.009133898007447737,1
576,0.2825993465677227,0.7062601906591635,0.011140462773113835,0
577,0.4360541519209583,0.5540620091546965,0.009883838924345254,2
578,0.522801178953587,0.47043046327287974,0.006768357773533247,1
579,0.5091486711362583,0.4832441818379392,0.007607147025802471,1
580,0.33659406594861835,0.6539761979980416,0.009429736053340089,1
581,0.3602865300661366,0.6304076195287909,0.00930585040507254,0
582,0.32900262103408884,0.6605330948880698,0.01046428407784151,0
583,0.4617141679952175,0.5306523207501735,0.007633511254608907,2
584,0.5122374222357545,0.47895769270128796,0.008804885062957443,2
585,0.39901395129991485,0.5922591252105929,0.008726923489492285,1
586,0.27271941652978426,0.7172130671031963,0.01006751636701943,0
587,0.45763232250278174,0.5343738434643328,0.007993834032885337,0
588,0.27824716582536707,0.7104280821558522,0.011324752018780701,0
589,0.3346380651088287,0.6556281620763752,0.009733772814796105,1
590,0.4603697995300061,0.5316598454848099,0.007970354985183946,1
591,0.36112030435491976,0.6301929457066443,0.008686749938435873,0
592,0.43344605518627954,0.5583905690151151,0.008163375798605361,1
593,0.5414377547787194,0.4522500556569066,0.006312189564373886,1
594,0.2744211555436705,0.7143915238835933,0.011187320572736241,0
595,0.4597016731116822,0.5319961550160579,0.008302171872259876,1
596,0.26462249036269797,0.724429742627154,0.010947767010148109,1
597,0.4199589667329214,0.569928703633851,0.010112329633227581,2
598,0.26740689565407305,0.720960055002003,0.011633049343923976,1
599,0.45943605583004715,0.5337257654337926,0.006838178736160266,1
600,0.33280981764119566,0.6563338629440931,0.010856319414711227,0
601,0.38779725536609355,0.6027192188340948,0.009483525799811756,0
602,0.31614301892625823,0.6738477727214459,0.010009208352295766,1
603,0.33185243702148925,0.658686776634864,0.009460786343646747,1
604,0.4149201141415283,0.5768284765261019,0.008251409332369765,1
605,0.5438313901258294,0.44962189746783937,0.0065467124063311845,1
606,0.5260251029543251,0.46706840753727136,0.006906489508403543,0
607,0.5476817014709695,0.4454669347240872,0.0068513638049433,1
608,0.4130011670425507,0.5784816282488385,0.008517204708610839,0
609,0.4332950588094071,0.5578588454904944,0.008846095700098474,1
610,0.3524255465740616,0.6379631237271275,0.009611329698810935,0
611,0.3159189096666076,0.6735226391310681,0.010558451202324314,1
612,0.4147557905755641,0.5767422004844858,0.008502008939950146,2
613,0.37182223986280094,0.6189058997338891,0.009271860403309969,2
614,0.33917049907713187,0.6515673836872949,0.009262117235573165,1
