,topology,centrality,position,label
0,0.7390377483125458,0.2609587207596885,3.5309277655672395e-06,2
1,0.7787865274180853,0.22120988533482028,3.587247094413364e-06,2
2,0.5218719395196099,0.478125779414647,2.28106574303544e-06,0
3,0.4999988061561585,0.4999988061561585,2.387687683126692e-06,0
4,0.5269330626579077,0.4730646781846676,2.2591574245627014e-06,1
5,0.4999988079525737,0.4999988079525737,2.384094852588375e-06,1
6,0.49999880725480983,0.49999880725480983,2.385490380276944e-06,2
7,0.6789434609004007,0.321053638084341,2.901015258409944e-06,1
8,0.7694329596687556,0.23056367997126048,3.3603599839152897e-06,1
9,0.5954479698803133,0.4045494940579268,2.5360617599676234e-06,2
10,0.5106438445037886,0.48935382065387617,2.334842335184108e-06,1
11,0.7797321244116945,0.220264497910267,3.3776780383866087e-06,2
12,0.49999881008983055,0.49999881008983055,2.3798203388334414e-06,1
13,0.5278811658111584,0.4721165758369081,2.258351933438742e-06,1
14,0.7912224656728112,0.20877403087075394,3.503456434907843e-06,2
15,0.6913662965215204,0.3086304710321218,3.2324463578821273e-06,2
16,0.5263389827448877,0.47365875609377756,2.2611613347986345e-06,1
17,0.5104742103791073,0.4895234552832391,2.3343376535536e-06,1
18,0.49999880572709254,0.49999880572709254,2.388545814986295e-06,0
19,0.5224036678387785,0.47759405352761514,2.2786336062949697e-06,2
20,0.5276870687666357,0.4723106753384038,2.2558949604699066e-06,1
21,0.49999880705304645,0.49999880705304645,2.385893907084536e-06,0
22,0.527082259099106,0.4729154871429522,2.2537579418913664e-06,1
23,0.5253830212854488,0.4746147056167721,2.273097779158911e-06,1
24,0.4999988039842018,0.4999988039842018,2.3920315964905638e-06,0
25,0.49999880638291766,0.49999880638291766,2.3872341646557704e-06,0
26,0.6903702453765966,0.3096264641888942,3.2904345090766137e-06,2
27,0.6994274111001925,0.3005696013048373,2.987594970255666e-06,1
28,0.49999880452975104,0.49999880452975104,2.3909404980473678e-06,0
29,0.499998808260543,0.499998808260543,2.383478914011168e-06,0
30,0.4999988052389449,0.4999988052389449,2.389522110174431e-06,1
31,0.5273408247605595,0.4726569169939967,2.2582454436731888e-06,1
32,0.4999988052757476,0.4999988052757476,2.3894485047775823e-06,0
33,0.499998805299639,0.499998805299639,2.38940072192438e-06,2
34,0.8116287029347403,0.188367422844008,3.874221251552862e-06,2
35,0.7928131161879757,0.2071833386954887,3.545116535726081e-06,2
36,0.5274514424126198,0.4725463023604711,2.255226909047459e-06,0
37,0.8171795611561397,0.18281692167337837,3.517170482028687e-06,2
38,0.4999988046727849,0.4999988046727849,2.390654430202021e-06,1
39,0.5279184484976579,0.4720792987599427,2.2527423993978105e-06,2
40,0.4999988043547471,0.4999988043547471,2.3912905058078637e-06,2
41,0.5234635879081524,0.47653413947480117,2.2726170463299196e-06,2
42,0.4999988061840791,0.4999988061840791,2.3876318418124118e-06,1
43,0.5285584164830733,0.4714393308506697,2.2526662569517898e-06,1
44,0.5282600429321443,0.471737703033194,2.2540346616661035e-06,1
45,0.7942800995077115,0.20571628450335042,3.6159889380271598e-06,2
46,0.7089485470319601,0.29104832139969455,3.1315683453475915e-06,2
47,0.7315541012243456,0.26844266034197856,3.2384336759849355e-06,2
48,0.8150617679126495,0.18493454510567248,3.6869816780602747e-06,2
49,0.5203104429356598,0.4796872601984021,2.296865938113274e-06,2
50,0.7415990918067767,0.258397646263995,3.261929228187255e-06,2
51,0.49999880424263426,0.49999880424263426,2.3915147313876612e-06,1
52,0.7847380723399165,0.2152583102538608,3.6174062227491915e-06,2
53,0.49999880619237536,0.49999880619237536,2.387615249448083e-06,1
54,0.5278521341706927,0.47214560950748535,2.2563218218905194e-06,1
55,0.7714398377450992,0.22855684807930807,3.314175592772335e-06,2
56,0.49999880712429584,0.49999880712429584,2.3857514081768783e-06,1
57,0.5270693948674721,0.47292835036562264,2.2547669052958276e-06,2
58,0.5524995577191777,0.4474980527708626,2.389509959735899e-06,2
59,0.772331480193532,0.2276649997621239,3.5200443441048585e-06,2
60,0.7952219853344562,0.20477421626883732,3.7983967063826184e-06,2
61,0.4999988047720988,0.4999988047720988,2.3904558024460465e-06,0
62,0.6241095334787423,0.37588759374239417,2.872778863459482e-06,2
63,0.7869620484965942,0.21303455949799174,3.392005414108654e-06,1
64,0.499998807779007,0.499998807779007,2.38444198606003e-06,0
65,0.5069586087786699,0.4930390370714364,2.3541498936985126e-06,1
66,0.4999988064601456,0.4999988064601456,2.3870797087744715e-06,0
67,0.4999988086517242,0.4999988086517242,2.382696551692021e-06,0
68,0.5287026156322011,0.4712951372300986,2.2471377004033774e-06,1
69,0.6548929203849893,0.34510395482940065,3.124785610092168e-06,2
70,0.8184412241873783,0.18155487303826187,3.902774359775028e-06,2
71,0.4999988081558047,0.4999988081558047,2.3836883906321146e-06,0
72,0.7757952340090296,0.22420143165110482,3.3343398656128475e-06,2
73,0.49999880482365083,0.49999880482365083,2.390352698201449e-06,1
74,0.6254794933910508,0.3745175154143862,2.9911945629933416e-06,1
75,0.5288044873627497,0.4711932651972294,2.2474400209257365e-06,1
76,0.4999988069202905,0.4999988069202905,2.3861594190191853e-06,1
77,0.4999988047850598,0.4999988047850598,2.390429880336867e-06,1
78,0.49999880644497363,0.49999880644497363,2.3871100527887063e-06,0
79,0.52603051888235,0.4739672189827365,2.262134913505223e-06,1
80,0.5119400472408059,0.48805761562325906,2.3371359350065523e-06,1
81,0.4999988066973713,0.4999988066973713,2.386605257435634e-06,1
82,0.7527078494266363,0.24728855200542818,3.5985679356022705e-06,1
83,0.7651926494614525,0.23480380369212137,3.5468464261015823e-06,2
84,0.4999988057597598,0.4999988057597598,2.3884804803791353e-06,0
85,0.5242922805706438,0.47570544980857216,2.269620784038949e-06,1
86,0.49999880283267967,0.49999880283267967,2.3943346407666317e-06,1
87,0.5270704134389206,0.47292732597424103,2.2605868384761442e-06,1
88,0.5212843155296076,0.47871339560850235,2.288861890016008e-06,0
89,0.5696399545936746,0.43035754083175326,2.504574572188962e-06,2
90,0.49999880713224304,0.49999880713224304,2.385735513889974e-06,0
91,0.5276617675397198,0.47233597346095507,2.2589993252034585e-06,0
92,0.7429768286830999,0.25701996227917256,3.209037727523247e-06,2
93,0.4999988048426335,0.4999988048426335,2.3903147331483428e-06,1
94,0.8328799949119461,0.1671164171341951,3.5879538588329403e-06,1
95,0.5168758801334212,0.483121815981672,2.303884906774552e-06,1
96,0.7688869328376697,0.2311097626075376,3.304554792662894e-06,2
97,0.5221858581035836,0.4778118670286165,2.274867799866915e-06,1
98,0.5961890127174517,0.40380838853110274,2.5987514455265347e-06,2
99,0.49999880363171445,0.49999880363171445,2.3927365710315475e-06,0
100,0.4999988057003306,0.4999988057003306,2.388599338866056e-06,0
101,0.49999880662377116,0.49999880662377116,2.3867524575817558e-06,1
102,0.686629778832444,0.3133669388589475,3.2823086083831386e-06,1
103,0.5157743651434556,0.48422332642832033,2.308428223968533e-06,0
104,0.49999880871592034,0.49999880871592034,2.3825681592866606e-06,0
105,0.6231578850124938,0.3768394490245582,2.6659629479241184e-06,1
106,0.5284294122305709,0.4715683364889337,2.251280495401912e-06,1
107,0.5253991188956698,0.4745986139525337,2.267151796400606e-06,2
108,0.4999988061606556,0.4999988061606556,2.3876786887582137e-06,0
109,0.49999880382707823,0.49999880382707823,2.392345843582369e-06,1
110,0.770504439776485,0.22949221212301124,3.3481005037923138e-06,2
111,0.7613961330311895,0.23860055648104325,3.3104877671446407e-06,2
112,0.5904150784172343,0.40958235514237284,2.566440392753948e-06,1
113,0.4999988116580405,0.4999988116580405,2.376683918994817e-06,1
114,0.7888115958731141,0.2111850440874847,3.3600394010312827e-06,2
115,0.7611970072596518,0.23879940128175461,3.5914585935010313e-06,2
116,0.49999880509263417,0.49999880509263417,2.389814731689287e-06,0
117,0.759912292614279,0.24008446858731183,3.238798409177972e-06,1
118,0.6860978868199381,0.31389909392719145,3.0192528703516046e-06,2
119,0.49999880522017165,0.49999880522017165,2.3895596567580404e-06,0
120,0.5017070111766483,0.498290604025715,2.384797636715395e-06,2
121,0.6800007133872569,0.31999612508137387,3.1615313692562367e-06,2
122,0.4999988043759169,0.4999988043759169,2.3912481660519766e-06,0
123,0.49999880800197993,0.49999880800197993,2.3839960401494556e-06,1
124,0.5093485083005882,0.4906491505878152,2.3411115966110323e-06,2
125,0.7056584061838855,0.2943384323462705,3.1614698440032615e-06,2
126,0.504130905552173,0.4958667284226814,2.3660251456894403e-06,1
127,0.7365872964475878,0.2634091787898531,3.524762559193024e-06,2
128,0.6324071230085804,0.36759014002645696,2.7369649627883153e-06,1
129,0.6651979002811726,0.3347992575043539,2.8422144732773533e-06,1
130,0.8120868004021582,0.18790967599678463,3.523601057275261e-06,2
131,0.4999988063398417,0.4999988063398417,2.387320316580125e-06,0
132,0.5282994396716036,0.47169830795103307,2.252377363309944e-06,1
133,0.49999881054902856,0.49999881054902856,2.3789019429348235e-06,1
134,0.49999880665147245,0.49999880665147245,2.3866970550809026e-06,0
135,0.7525365709035101,0.24745987290168067,3.556194809247805e-06,1
136,0.49999880559919546,0.49999880559919546,2.3888016092085612e-06,1
137,0.5226444010751362,0.477353314259944,2.28466491988807e-06,0
138,0.7568092846080402,0.24318748173730084,3.2336546589130788e-06,2
139,0.49999880750345443,0.49999880750345443,2.384993091167164e-06,0
140,0.7219706912763257,0.27802621601608674,3.092707587589301e-06,2
141,0.7593730376629925,0.24062334075372968,3.621583277887923e-06,2
142,0.5265232770538711,0.473474472425891,2.2505202377375488e-06,0
143,0.5246720823290308,0.47532564828357976,2.2693873894890227e-06,1
144,0.5231121188080734,0.476885602315323,2.2788766035943917e-06,1
145,0.49999880496398624,0.49999880496398624,2.390072027444923e-06,1
146,0.49999880781709205,0.49999880781709205,2.3843658158949883e-06,0
147,0.4999988070905278,0.4999988070905278,2.385818944461591e-06,0
148,0.4999988056851678,0.4999988056851678,2.388629664472522e-06,0
149,0.4999988058905947,0.4999988058905947,2.388218810675858e-06,0
150,0.499998804788256,0.499998804788256,2.390423487866716e-06,0
151,0.4999988074757456,0.4999988074757456,2.3850485088723637e-06,1
152,0.6630815196894776,0.33691552652906553,2.953781456915333e-06,2
153,0.49999880573331773,0.49999880573331773,2.3885333646390673e-06,0
154,0.7942204358629532,0.20577618372053016,3.380416516532868e-06,2
155,0.7620006534615257,0.23799609007879352,3.2564596807642193e-06,2
156,0.6756625370657238,0.32433456663345966,2.8963008165967403e-06,2
157,0.7891707327015087,0.2108256292607768,3.6380377145116464e-06,2
158,0.49999880464628205,0.49999880464628205,2.390707435952568e-06,1
159,0.49999880766815646,0.49999880766815646,2.384663687220997e-06,1
160,0.4999988044667317,0.4999988044667317,2.3910665364529395e-06,1
161,0.4999988085594276,0.4999988085594276,2.3828811449342467e-06,1
162,0.4999988066222664,0.4999988066222664,2.3867554672670145e-06,0
163,0.5255191526543794,0.47447858065363996,2.266691980676431e-06,2
164,0.4999988090035602,0.4999988090035602,2.3819928795088935e-06,0
165,0.8283049051384909,0.17169118536632674,3.909495182391816e-06,2
166,0.6642203731899537,0.3357766726936135,2.954116432756828e-06,1
167,0.4999988079490934,0.4999988079490934,2.3841018133426035e-06,0
168,0.7467931840255656,0.2532033067477193,3.5092267149993696e-06,2
169,0.4999988051449893,0.4999988051449893,2.389710021520182e-06,0
170,0.499998806619573,0.499998806619573,2.3867608539670545e-06,0
171,0.7628047718686458,0.23719159025867587,3.637872678195878e-06,2
172,0.49999880735210545,0.49999880735210545,2.3852957891844725e-06,0
173,0.5204750052021366,0.4795227084603214,2.2863375418012433e-06,1
174,0.4999988048563913,0.4999988048563913,2.390287217331732e-06,1
175,0.5126762629676768,0.4873214114550581,2.32557726521488e-06,1
176,0.49999880287319326,0.49999880287319326,2.3942536135179503e-06,1
177,0.5202528773018036,0.4797448381993196,2.2844988767560375e-06,0
178,0.49999880934888463,0.49999880934888463,2.38130223070706e-06,0
179,0.4999988069717079,0.4999988069717079,2.386056584157846e-06,0
180,0.49999880664213464,0.49999880664213464,2.386715730699944e-06,1
181,0.4999988073492425,0.4999988073492425,2.3853015150014344e-06,0
182,0.7699774862854027,0.23001919685096833,3.3168636289432565e-06,2
183,0.5266397542864873,0.47335798683368463,2.2588798279873116e-06,1
184,0.505803928365357,0.49419370974084764,2.3618937953124135e-06,1
185,0.4999988069449855,0.4999988069449855,2.386110029071546e-06,0
186,0.4999988076863548,0.4999988076863548,2.3846272903460465e-06,1
187,0.4999988081762297,0.4999988081762297,2.383647540531613e-06,0
188,0.49999880583458367,0.49999880583458367,2.3883308325489202e-06,0
189,0.4999988056833445,0.4999988056833445,2.388633311045099e-06,0
190,0.4999988049149288,0.4999988049149288,2.390170142347259e-06,1
191,0.4999988040837238,0.4999988040837238,2.3918325523628003e-06,1
192,0.5041544195622626,0.49584321736071,2.3630770273939737e-06,2
193,0.7127009025147631,0.28729606710787986,3.030377356981752e-06,1
194,0.49999880767341454,0.49999880767341454,2.3846531708241114e-06,0
195,0.4999988073444196,0.4999988073444196,2.385311160776605e-06,0
196,0.5018748017105238,0.49812282572723465,2.3725622414819754e-06,2
197,0.5841697737783889,0.4158277255246624,2.500696948761204e-06,2
198,0.4999988070977318,0.4999988070977318,2.3858045364467125e-06,0
199,0.4999988055843112,0.4999988055843112,2.3888313776417678e-06,0
200,0.4999988077836303,0.4999988077836303,2.3844327393651685e-06,0
201,0.5237273435438805,0.4762703806459143,2.275810205169158e-06,1
202,0.4999988052343469,0.4999988052343469,2.3895313060716704e-06,1
203,0.7595588471339642,0.24043791410926704,3.2387567689786476e-06,2
204,0.49999880930579466,0.49999880930579466,2.3813884106075406e-06,0
205,0.7135948732948033,0.2864018970902124,3.2296149842915383e-06,1
206,0.49999880792772833,0.49999880792772833,2.3841445433826184e-06,1
207,0.4999988071639486,0.4999988071639486,2.385672102800106e-06,0
208,0.5352431015761677,0.4647544954855063,2.4029383259748683e-06,2
209,0.49999880474236336,0.49999880474236336,2.3905152731832383e-06,0
210,0.4999988062109131,0.4999988062109131,2.3875781738629683e-06,0
211,0.49999880547101205,0.49999880547101205,2.3890579758596345e-06,2
212,0.4999988095153982,0.4999988095153982,2.3809692035984905e-06,0
213,0.4999988055193679,0.4999988055193679,2.388961264129965e-06,1
214,0.4999988090123248,0.4999988090123248,2.381975350330069e-06,0
215,0.5099392232380615,0.49005843246935493,2.344292583619347e-06,1
216,0.49999880722110585,0.49999880722110585,2.385557788271159e-06,0
217,0.5664504418962468,0.43354714982104314,2.4082827100685945e-06,1
218,0.6154930914749246,0.38450428995803315,2.6185670422228763e-06,1
219,0.49999880687437886,0.49999880687437886,2.3862512421891195e-06,0
220,0.49999880911385813,0.49999880911385813,2.3817722838818157e-06,1
221,0.519532237312004,0.480465469316501,2.293371495041128e-06,1
222,0.769342750917109,0.2306535774055664,3.671677324634114e-06,2
223,0.4999988097006336,0.4999988097006336,2.380598732712941e-06,1
224,0.49999880761819965,0.49999880761819965,2.3847636006837073e-06,0
225,0.4999988079736368,0.4999988079736368,2.3840527262260862e-06,0
226,0.499998806709025,0.499998806709025,2.386581949952581e-06,1
227,0.49999880714396605,0.49999880714396605,2.385712067970015e-06,0
228,0.4999988036880539,0.4999988036880539,2.3926238923219187e-06,1
229,0.49999880579675704,0.49999880579675704,2.388406485975888e-06,1
230,0.5283964476627585,0.4716012958677237,2.2564695177124604e-06,1
231,0.5279311385045721,0.4720666047023895,2.256793038496506e-06,2
232,0.49999880576699374,0.49999880576699374,2.3884660125750143e-06,1
233,0.4999988089602767,0.4999988089602767,2.3820794467189787e-06,0
234,0.6738793564767627,0.3261175756145234,3.06790871381522e-06,2
235,0.4999988056067949,0.4999988056067949,2.388786410337173e-06,0
236,0.4999988072404838,0.4999988072404838,2.3855190324795717e-06,0
237,0.7724122485497308,0.22758443058775987,3.3208625093737525e-06,1
238,0.4999988066271176,0.4999988066271176,2.3867457648089626e-06,1
239,0.7329309779439497,0.2670659009377374,3.1211183130103816e-06,2
240,0.5247653299363297,0.47523240070868583,2.26935498440598e-06,1
241,0.52128277988956,0.4787149352907064,2.284819733547692e-06,1
242,0.525433539119451,0.4745641929584634,2.267922085632492e-06,1
243,0.7773073422309232,0.2226889788326755,3.6789364013107254e-06,2
244,0.5242378443378671,0.4757597131233508,2.4425387820135265e-06,2
245,0.4999988086880472,0.4999988086880472,2.3826239055827456e-06,1
246,0.513707940038504,0.48628973969013833,2.3202713577448984e-06,1
247,0.7852732864738637,0.2147231332311541,3.5802949821810957e-06,2
248,0.4999988078354727,0.4999988078354727,2.3843290544981883e-06,1
249,0.5261853471906139,0.4738123914357657,2.2613736205023122e-06,0
250,0.6943992176543204,0.30559759801189207,3.1843337874195634e-06,1
251,0.4999988059895288,0.4999988059895288,2.3880209424395404e-06,1
252,0.6517482302232911,0.34824898650150565,2.783275203278177e-06,1
253,0.5262012241179405,0.4737965177485064,2.2581335531441935e-06,2
254,0.4999988046614782,0.4999988046614782,2.3906770435478724e-06,0
255,0.49999880741917246,0.49999880741917246,2.3851616551288574e-06,0
256,0.7689208460534258,0.2310757665250124,3.387421561807663e-06,2
257,0.5246213115897995,0.4753764147864598,2.2736237406314307e-06,1
258,0.4999988069903017,0.4999988069903017,2.3860193966133753e-06,0
259,0.5255883575804691,0.47440937668702055,2.2657325103762937e-06,0
260,0.510482001970612,0.48951565695498767,2.34107440026104e-06,1
261,0.4999988077273121,0.4999988077273121,2.3845453758749196e-06,1
262,0.5226886882593159,0.4773090316041902,2.280136493862884e-06,1
263,0.4999988077628739,0.4999988077628739,2.3844742521054386e-06,0
264,0.4999988080112942,0.4999988080112942,2.3839774116124678e-06,0
265,0.5247797143709098,0.4752180185385006,2.267090589681886e-06,1
266,0.5167353841112585,0.4832623112368004,2.3046519410692862e-06,1
267,0.7857120137464433,0.2142845047553926,3.481498164156707e-06,2
268,0.7321900677878868,0.2678064395075624,3.4927045507953832e-06,2
269,0.4999988071196999,0.4999988071196999,2.3857606002127725e-06,0
270,0.4999988091245262,0.4999988091245262,2.381750947726499e-06,0
271,0.4999988053666509,0.4999988053666509,2.3892666982768792e-06,1
272,0.49999880924999923,0.49999880924999923,2.3815000015653855e-06,1
273,0.7617061963730448,0.23829016994550906,3.6336814461658303e-06,2
274,0.49999880722110596,0.49999880722110596,2.3855577880019827e-06,1
275,0.49999880776155364,0.49999880776155364,2.3844768926946206e-06,0
276,0.49999880572424904,0.49999880572424904,2.3885515020403848e-06,1
277,0.5278435288641241,0.47215421849768396,2.252638191948417e-06,1
278,0.7446885244942897,0.2553079219074207,3.553598289574197e-06,2
279,0.5281283006160543,0.4718694452597943,2.2541241514005214e-06,1
280,0.5280181280202649,0.47197961810375394,2.2538759811235814e-06,1
281,0.5241061635734982,0.47589155848217163,2.277944330145157e-06,0
282,0.5046789386340166,0.4953186893854111,2.3719805723263353e-06,1
283,0.5176764569944254,0.4823212367091022,2.3062964723575624e-06,1
284,0.5230419657287707,0.4769557602949932,2.2739762361154823e-06,1
285,0.49999880728906104,0.49999880728906104,2.385421877929441e-06,0
286,0.49999880523707063,0.49999880523707063,2.3895258587472115e-06,0
287,0.5273681420143875,0.47262959740971405,2.260575898364027e-06,1
288,0.49999880532383445,0.49999880532383445,2.389352331025972e-06,1
289,0.49999880578492156,0.49999880578492156,2.38843015682929e-06,0
290,0.49999880486523707,0.49999880486523707,2.3902695258172717e-06,2
291,0.4999988040665842,0.4999988040665842,2.391866831610651e-06,1
292,0.5272476708405622,0.4727500707358614,2.258423576354655e-06,1
293,0.4999988056290995,0.4999988056290995,2.3887418009920625e-06,1
294,0.7826869124613998,0.21730949702415758,3.5905144426429245e-06,2
295,0.5266789399508014,0.4733187969866717,2.2630625268743415e-06,1
296,0.49999880717089046,0.49999880717089046,2.3856582189653805e-06,1
297,0.4999988075095402,0.4999988075095402,2.384980919548562e-06,0
298,0.49999880687435677,0.49999880687435677,2.3862512865603797e-06,0
299,0.5134935516192436,0.48650413229532036,2.316085436077279e-06,1
300,0.7766040070624675,0.22339228842377512,3.704513757445131e-06,2
301,0.6774088998185552,0.3225880345249471,3.0656564976476073e-06,2
302,0.49999880724911644,0.49999880724911644,2.3855017671742957e-06,0
303,0.49999880830337917,0.49999880830337917,2.3833932416140598e-06,0
304,0.49999880518766726,0.49999880518766726,2.389624665556509e-06,0
305,0.49999880636780614,0.49999880636780614,2.3872643876596677e-06,0
306,0.7340401329128664,0.26595673738209546,3.1297050381727915e-06,2
307,0.4999988057879061,0.4999988057879061,2.388424187820922e-06,0
308,0.4999988059627392,0.4999988059627392,2.3880745215299994e-06,0
309,0.49999880860996915,0.49999880860996915,2.3827800617012805e-06,0
310,0.4999988114825709,0.4999988114825709,2.3770348581279273e-06,0
311,0.5691924844582888,0.43080509220605806,2.4233356530943427e-06,2
312,0.4999988067623457,0.4999988067623457,2.3864753086141986e-06,0
313,0.49999880718694656,0.49999880718694656,2.385626106985523e-06,0
314,0.4999988071920345,0.4999988071920345,2.3856159310030836e-06,0
315,0.4999988072986139,0.4999988072986139,2.38540277204611e-06,1
316,0.4999988065502688,0.4999988065502688,2.3868994623896203e-06,1
317,0.5281171613393995,0.47188059097649293,2.2476841076059675e-06,1
318,0.4999988061717326,0.4999988061717326,2.387656534799803e-06,0
319,0.6441396903680258,0.3558574958187041,2.8138132701851793e-06,0
320,0.7938078461320434,0.20618871739942776,3.436468528860257e-06,2
321,0.528704774370685,0.47129297889658706,2.246732728093018e-06,0
322,0.4999988061481921,0.4999988061481921,2.387703615877427e-06,1
323,0.4999988037286729,0.4999988037286729,2.392542654224175e-06,1
324,0.5131597242871851,0.48683794948959297,2.326223221700244e-06,1
325,0.49999880653514395,0.49999880653514395,2.3869297120499353e-06,1
326,0.49999880698603133,0.49999880698603133,2.3860279373875355e-06,0
327,0.4999988044961441,0.4999988044961441,2.391007711798925e-06,2
328,0.49999880491571286,0.49999880491571286,2.3901685742996664e-06,0
329,0.7257705191662114,0.27422601535826685,3.4654755217187406e-06,1
330,0.7638395278506384,0.23615718816857242,3.2839807891506434e-06,1
331,0.5226161667635078,0.4773815561955598,2.2770409325142686e-06,1
332,0.4999988082346811,0.4999988082346811,2.383530637716874e-06,0
333,0.5183271175005958,0.4816705903638819,2.2921355222892765e-06,0
334,0.5231748922730927,0.4768228356923633,2.272034544024803e-06,1
335,0.5205966305760619,0.47940108086003724,2.288563900822485e-06,0
336,0.4999988035701948,0.4999988035701948,2.3928596103237498e-06,1
337,0.8261149109771153,0.17388113786749712,3.951155387611848e-06,2
338,0.8161227281896068,0.18387336884356534,3.902966827868512e-06,2
339,0.5215786566619038,0.47841905851620714,2.2848218891055363e-06,1
340,0.4999988077868953,0.4999988077868953,2.384426209207371e-06,0
341,0.49999880738883046,0.49999880738883046,2.3852223392121223e-06,0
342,0.4999988074136528,0.4999988074136528,2.3851726943742042e-06,0
343,0.49999880553896736,0.49999880553896736,2.3889220652795908e-06,1
344,0.5288040415277505,0.47119371257554077,2.245896708619216e-06,1
345,0.49999880663738266,0.49999880663738266,2.386725234601091e-06,0
346,0.8021463250004659,0.19784984950565201,3.825493882129616e-06,2
347,0.8280381756223166,0.1719582277931852,3.5965844982805e-06,1
348,0.5248269172011252,0.47517081433956354,2.268459311333147e-06,1
349,0.4999988060530095,0.4999988060530095,2.3878939811162838e-06,1
350,0.5190215878472698,0.48097611456963396,2.29758309628039e-06,1
351,0.5208148161882368,0.4791828928527801,2.290958983121986e-06,1
352,0.49999880729338403,0.49999880729338403,2.385413231921993e-06,1
353,0.499998804680686,0.499998804680686,2.390638627949311e-06,0
354,0.7915356034020354,0.20846089776468418,3.498833280426624e-06,2
355,0.5270917830873371,0.47290596098363297,2.2559290300986496e-06,1
356,0.4999988074585224,0.4999988074585224,2.3850829553265273e-06,0
357,0.49999880661059826,0.49999880661059826,2.3867788033824625e-06,0
358,0.49999880490011245,0.49999880490011245,2.390199774975129e-06,1
359,0.5273881303407394,0.4726096133077757,2.2563514849178626e-06,1
360,0.6038774921927453,0.39611962308888254,2.884718372003855e-06,2
361,0.5289858580278117,0.47101190195599363,2.240016194686117e-06,1
362,0.5075265276010489,0.4924711248957121,2.34750323895612e-06,0
363,0.5202340169094514,0.47976369232074306,2.2907698055997165e-06,0
364,0.5263977162704659,0.4736000226126509,2.2611168832544226e-06,1
365,0.49999880690718645,0.49999880690718645,2.386185627223294e-06,0
366,0.6996313991456139,0.3003654178876497,3.1829667364794447e-06,2
367,0.7040467686505987,0.29594986944154217,3.3619078591301337e-06,1
368,0.4999988064419142,0.4999988064419142,2.3871161717762094e-06,1
369,0.8107486700130961,0.18924745674479998,3.873242103796158e-06,2
370,0.8201319674607341,0.17986410615246265,3.926386803120338e-06,2
371,0.8268369642065989,0.1731594443362435,3.5914571574997322e-06,2
372,0.49999880746969516,0.49999880746969516,2.3850606098297073e-06,1
373,0.4999988035747827,0.4999988035747827,2.3928504347002468e-06,1
374,0.5211959497696567,0.47880176375468964,2.286475653616892e-06,1
375,0.5182596870784735,0.48173801613009076,2.2967914357501846e-06,1
376,0.6435800347172672,0.356417226449552,2.7388331807864574e-06,1
377,0.49999880712479977,0.49999880712479977,2.3857504002699153e-06,0
378,0.525242169844416,0.4747555607972551,2.2693583289123157e-06,0
379,0.49999880570574656,0.49999880570574656,2.388588506799422e-06,1
380,0.4999988063153062,0.4999988063153062,2.387369387602128e-06,1
381,0.5238681598169542,0.47612956408231516,2.2761007305742303e-06,2
382,0.49999880595178336,0.49999880595178336,2.388096433253385e-06,1
383,0.49999880460241775,0.49999880460241775,2.390795164528769e-06,0
384,0.49999880513580275,0.49999880513580275,2.3897283945825804e-06,1
385,0.4999988075866796,0.4999988075866796,2.384826640910671e-06,0
386,0.499998808146068,0.499998808146068,2.3837078641231093e-06,0
387,0.761474858775273,0.2385214964871394,3.644737587598923e-06,2
388,0.7599999511703188,0.23999678073684888,3.268092832140961e-06,2
389,0.5062652001745408,0.49373244577226033,2.354053198809405e-06,1
390,0.5270445171675946,0.47295322640376414,2.25642864121349e-06,1
391,0.779675646853398,0.2203210238072038,3.329339398179963e-06,1
392,0.49999880711054195,0.49999880711054195,2.385778916024691e-06,1
393,0.5245550053221759,0.475442720300504,2.274377320011321e-06,2
394,0.499998805843885,0.499998805843885,2.3883122301251074e-06,1
395,0.6197164664370618,0.3802805750784165,2.958484521702426e-06,1
396,0.5725499759456958,0.42744754787811645,2.4761761876768206e-06,2
397,0.7610508131146329,0.23894564721272715,3.539672640063696e-06,2
398,0.4999988040549779,0.4999988040549779,2.391890044265984e-06,1
399,0.4999988069450653,0.4999988069450653,2.386109869359748e-06,1
400,0.5262601408181191,0.4737375931051488,2.2660767321994043e-06,1
401,0.49999880632456195,0.49999880632456195,2.3873508760662535e-06,1
402,0.4999988068813327,0.4999988068813327,2.386237334607771e-06,0
403,0.4999988065648943,0.4999988065648943,2.386870211350178e-06,1
404,0.49999880708792604,0.49999880708792604,2.3858241479804382e-06,0
405,0.49999880539098385,0.49999880539098385,2.3892180320910684e-06,1
406,0.49999880600515545,0.49999880600515545,2.3879896891704137e-06,0
407,0.4999988052826042,0.4999988052826042,2.3894347916074235e-06,1
408,0.49999880943260894,0.49999880943260894,2.381134782008106e-06,1
409,0.5222643525622547,0.4777333673739645,2.280063780892121e-06,1
410,0.5255973513752495,0.47440037790793327,2.2707168171554577e-06,1
411,0.5231016740179799,0.4768960472798532,2.2787021669418535e-06,2
412,0.4999988089495457,0.4999988089495457,2.382100908800261e-06,0
413,0.4999988079459243,0.4999988079459243,2.384108151452783e-06,1
414,0.7759844709777575,0.2240121848422811,3.3441799614065976e-06,2
415,0.4999988058036818,0.4999988058036818,2.3883926364589795e-06,1
416,0.49999880646737094,0.49999880646737094,2.387065258112597e-06,2
417,0.501304816497555,0.49869280362202856,2.3798804163949473e-06,2
418,0.5190714572937157,0.48092624801102546,2.2946952587938623e-06,0
419,0.7796369022534911,0.22035969425896135,3.4034875473896516e-06,1
420,0.499998805661013,0.499998805661013,2.3886779740124684e-06,0
421,0.49999880358107274,0.49999880358107274,2.392837854481667e-06,0
422,0.7655351578642099,0.23446154807097705,3.2940648130756876e-06,2
423,0.5921927577326433,0.4078046093460292,2.632921327519665e-06,2
424,0.4999988057933179,0.4999988057933179,2.3884133642073436e-06,0
425,0.49999880376338207,0.49999880376338207,2.39247323583982e-06,1
426,0.4999988046960715,0.4999988046960715,2.3906078570423818e-06,0
427,0.49999880486016557,0.49999880486016557,2.3902796689025676e-06,0
428,0.5184386150997464,0.4815590878727804,2.2970274732990533e-06,1
429,0.5240669578051224,0.4759307676719926,2.2745228851380485e-06,1
430,0.525058378001984,0.4749393532025121,2.2687955038700105e-06,1
431,0.4999988048941673,0.4999988048941673,2.390211665280731e-06,0
432,0.4999988102880537,0.4999988102880537,2.379423892695267e-06,0
433,0.6812689255034245,0.31872814606368727,2.9284328881916332e-06,2
434,0.49999880618321013,0.49999880618321013,2.387633579628898e-06,0
435,0.4999988057140426,0.4999988057140426,2.388571914889863e-06,1
436,0.5177398005613469,0.48225789934071156,2.300097941402012e-06,2
437,0.5272428078075021,0.472754935277091,2.256915406887117e-06,1
438,0.49999880693930904,0.49999880693930904,2.3861213818869035e-06,0
439,0.49999880968779825,0.49999880968779825,2.380624403572024e-06,1
440,0.5276299111955145,0.47236783273598515,2.2560685003249184e-06,1
441,0.4999988059232681,0.4999988059232681,2.388153463905222e-06,0
442,0.49999880613432274,0.49999880613432274,2.3877313545458277e-06,2
443,0.49999880778055245,0.49999880778055245,2.3844388951866943e-06,0
444,0.4999988087424464,0.4999988087424464,2.382515107133135e-06,0
445,0.615125308859178,0.38487191636212137,2.774778700555065e-06,2
446,0.49999880750283027,0.49999880750283027,2.384994339480126e-06,2
447,0.5287368780585577,0.4712608717844737,2.2501569685927425e-06,1
448,0.521986014225683,0.4780117015691366,2.2842051803908323e-06,1
449,0.49999880469010166,0.49999880469010166,2.3906197967368313e-06,0
450,0.5279817584309421,0.47201598837644143,2.253192616436042e-06,0
451,0.5288163426962017,0.47118141255827345,2.244745524895549e-06,2
452,0.49999880874851366,0.49999880874851366,2.3825029726472025e-06,0
453,0.741332400212288,0.2586644484238714,3.1513638405219948e-06,1
454,0.49999880792910223,0.49999880792910223,2.3841417955247618e-06,0
455,0.49999880730903423,0.49999880730903423,2.385381931601984e-06,1
456,0.4999988082523291,0.4999988082523291,2.38349534176117e-06,1
457,0.5274693760042435,0.47252836921013286,2.2547856236840994e-06,1
458,0.8220158391033099,0.17798034968921186,3.8112074783478708e-06,2
459,0.5268874308967373,0.47311031276190413,2.256341358612888e-06,1
460,0.499998809248631,0.499998809248631,2.3815027379689067e-06,1
461,0.49999880581752065,0.49999880581752065,2.3883649586515335e-06,0
462,0.5194416864670687,0.480556017698757,2.2958341743040863e-06,1
463,0.49999880720583845,0.49999880720583845,2.3855883229576363e-06,2
464,0.7057227420589545,0.2942738901365204,3.367804525021744e-06,2
465,0.5271013732594495,0.47289637090738085,2.2558331696967566e-06,0
466,0.49999880794360435,0.49999880794360435,2.384112791335434e-06,1
467,0.5313478035891628,0.46864969549963936,2.5009111978709836e-06,2
468,0.5042551510882419,0.49574248487630507,2.36403545293931e-06,1
469,0.5122379779441776,0.4877596866766298,2.3353791926707154e-06,1
470,0.6571929634046093,0.3428042297990131,2.80679637763822e-06,2
471,0.5151474187611306,0.48485026836680784,2.3128720614454543e-06,2
472,0.4999988065714888,0.4999988065714888,2.3868570223831004e-06,1
473,0.49999880931608714,0.49999880931608714,2.381367825763387e-06,0
474,0.49999880746102776,0.49999880746102776,2.3850779443765314e-06,1
475,0.4999988027234593,0.4999988027234593,2.394553081444488e-06,1
476,0.5206555795751624,0.47934213778077184,2.2826440657448406e-06,2
477,0.49999880543805486,0.49999880543805486,2.3891238902842145e-06,1
478,0.49999880529466295,0.49999880529466295,2.3894106741344245e-06,1
479,0.5279381946024586,0.47205955241108044,2.2529864609964575e-06,0
480,0.4999988068992885,0.4999988068992885,2.3862014229950126e-06,1
481,0.5252356374809001,0.4747621005157703,2.2620033296763408e-06,1
482,0.4999988062168727,0.4999988062168727,2.387566254590935e-06,1
483,0.7490013558102846,0.25099545198144024,3.19220827516261e-06,1
484,0.519424905355775,0.48057279994064306,2.2947035819903624e-06,1
485,0.6388644838664687,0.36113268060896636,2.835524564960278e-06,2
486,0.6126833356600735,0.38731398400521766,2.6803347088516676e-06,2
487,0.772420872128095,0.22757561599395976,3.511877945329682e-06,1
488,0.4999988056369065,0.4999988056369065,2.3887261869614764e-06,1
489,0.49999881018827774,0.49999881018827774,2.379623444491128e-06,0
490,0.5263800038056481,0.47361773144844743,2.2647459044083454e-06,1
491,0.4999988054088778,0.4999988054088778,2.389182244434177e-06,0
492,0.49999880719210144,0.49999880719210144,2.385615797158692e-06,1
493,0.4999988052898508,0.4999988052898508,2.3894202982219185e-06,0
494,0.5141574505610922,0.48584022575772,2.3236811878627233e-06,1
495,0.49999881253242195,0.49999881253242195,2.3749351562752924e-06,0
496,0.4999988056421009,0.4999988056421009,2.3887157982122495e-06,0
497,0.49999880668554303,0.49999880668554303,2.386628913800673e-06,0
498,0.49999880425704635,0.49999880425704635,2.3914859072219782e-06,1
499,0.499998811360695,0.499998811360695,2.3772786101109755e-06,0
500,0.4999988058183049,0.4999988058183049,2.388363390250885e-06,0
501,0.7134024486697277,0.2865945133497053,3.037980566982886e-06,2
502,0.49999880797695206,0.49999880797695206,2.3840460959708404e-06,0
503,0.4999988063920756,0.4999988063920756,2.3872158487865693e-06,1
504,0.5277987085475503,0.47219876771813846,2.523734311116175e-06,2
505,0.4999988094895431,0.4999988094895431,2.381020913694784e-06,0
506,0.5286699986013822,0.47132775445260255,2.246946015145586e-06,1
507,0.4999988038347937,0.4999988038347937,2.392330412744285e-06,0
508,0.49999880652365963,0.49999880652365963,2.3869526807095676e-06,1
509,0.4999988028034265,0.4999988028034265,2.3943931468112083e-06,1
510,0.4999988036401894,0.4999988036401894,2.3927196210174865e-06,0
511,0.4999988049612581,0.4999988049612581,2.390077483604616e-06,0
512,0.4999988059879799,0.4999988059879799,2.388024040096749e-06,1
513,0.49999881022544407,0.49999881022544407,2.3795491118420454e-06,0
514,0.49999880686727277,0.49999880686727277,2.3862654545376044e-06,0
515,0.4999988056188532,0.4999988056188532,2.3887622936601184e-06,0
516,0.499998808870084,0.499998808870084,2.3822598320537434e-06,0
517,0.49999880543476555,0.49999880543476555,2.38913046902046e-06,0
518,0.4999988041462873,0.4999988041462873,2.391707425408081e-06,0
519,0.4999988094107925,0.4999988094107925,2.3811784149426164e-06,2
520,0.5068309686346576,0.49316668051003565,2.3508553067652596e-06,1
521,0.4999988092093648,0.4999988092093648,2.381581270515645e-06,1
522,0.5283934847611574,0.4716042608802252,2.254358617409661e-06,1
523,0.5274577265348618,0.4725400134577798,2.260007358418275e-06,1
524,0.49999880533686786,0.49999880533686786,2.3893262642156496e-06,1
525,0.519361119501238,0.48063658061725456,2.2998815074859353e-06,1
526,0.8061088409849877,0.19388772568904905,3.4333259631604387e-06,2
527,0.49999881013778263,0.49999881013778263,2.379724434778773e-06,0
528,0.5166497851840649,0.48334790570926844,2.309106666676469e-06,1
529,0.5203880813409797,0.4796096291713352,2.2894876851256243e-06,1
530,0.5025949237918155,0.4974027111414831,2.3650667014683514e-06,2
531,0.49999880729205487,0.49999880729205487,2.385415890302919e-06,0
532,0.8173423741898873,0.1826537424992998,3.883310812956444e-06,2
533,0.499998809938626,0.499998809938626,2.3801227480388096e-06,0
534,0.4999988065191436,0.4999988065191436,2.386961712701155e-06,1
535,0.5006679578692046,0.4993296570081397,2.385122655660576e-06,2
536,0.49999880504111965,0.49999880504111965,2.389917760570394e-06,0
537,0.4999988047672794,0.4999988047672794,2.3904654411517118e-06,1
538,0.4999988054313725,0.4999988054313725,2.3891372549407563e-06,0
539,0.5483125349806144,0.4516849178610472,2.5471583384217976e-06,2
540,0.5168418837673628,0.48315581078430064,2.305448336600775e-06,1
541,0.4999988043345444,0.4999988043345444,2.3913309110259187e-06,0
542,0.5232104043642521,0.4767873213583476,2.2742774002491574e-06,1
543,0.7473817300670306,0.2526150484098454,3.2215231241501938e-06,2
544,0.5177746325977214,0.482223064101183,2.303301095583544e-06,0
545,0.499998809676901,0.499998809676901,2.380646197949806e-06,1
546,0.5135828841629072,0.48641479274940735,2.323087685509702e-06,1
547,0.49999880607771524,0.49999880607771524,2.3878445696377205e-06,1
548,0.49999880700005683,0.49999880700005683,2.3859998862976206e-06,0
549,0.5049480856110695,0.4950495541418811,2.3602470495017304e-06,2
550,0.8355863672772154,0.1644099862155659,3.6465072187717722e-06,2
551,0.5240219174816974,0.4759758138579855,2.268660317237394e-06,0
552,0.49999880663330254,0.49999880663330254,2.386733394924284e-06,1
553,0.49999880819449033,0.49999880819449033,2.3836110193585327e-06,0
554,0.6344416332475011,0.36555534131273293,3.0254397659344307e-06,1
555,0.49999880857134976,0.49999880857134976,2.3828573004826345e-06,0
556,0.49999880576955313,0.49999880576955313,2.3884608937177287e-06,1
557,0.4999988096792146,0.4999988096792146,2.3806415707114797e-06,0
558,0.5274264529945104,0.47257128910360685,2.257901882749138e-06,1
559,0.49999880543904296,0.49999880543904296,2.3891219139563014e-06,1
560,0.49999880608925207,0.49999880608925207,2.387821495861112e-06,0
561,0.4999988076864827,0.4999988076864827,2.38462703465214e-06,0
562,0.49999880414602726,0.49999880414602726,2.391707945359823e-06,1
563,0.4999988052590265,0.4999988052590265,2.389481947110327e-06,1
564,0.49999880625548443,0.49999880625548443,2.3874890311682624e-06,0
565,0.5188542660650005,0.4811434332258916,2.300709107911428e-06,1
566,0.4999988068681958,0.4999988068681958,2.386263608257714e-06,0
567,0.49999880703473537,0.49999880703473537,2.3859305292827963e-06,1
568,0.4999988064285787,0.4999988064285787,2.3871428427101077e-06,1
569,0.5397110882680846,0.46028634154099296,2.5701909223431363e-06,2
570,0.4999988065952777,0.4999988065952777,2.3868094447721994e-06,0
571,0.5271925856836904,0.47280515645487725,2.2578614323146205e-06,1
572,0.5268310181380391,0.473166725529271,2.2563326898725056e-06,1
573,0.5058142931547959,0.4941833515899153,2.355255288898898e-06,0
574,0.4999988032446783,0.4999988032446783,2.3935106433682884e-06,0
575,0.49999880749800046,0.49999880749800046,2.385003999034716e-06,1
576,0.4999988056722693,0.4999988056722693,2.3886554615059648e-06,0
577,0.6441796645784336,0.3558175919550971,2.743466469404321e-06,2
578,0.5271206958934731,0.47287704757180427,2.25653472253968e-06,1
579,0.5264600854201711,0.4735376558088064,2.2587710224849945e-06,1
580,0.49999880603718944,0.49999880603718944,2.387925621187207e-06,1
581,0.4999988062168426,0.4999988062168426,2.3875663148654557e-06,0
582,0.49999880906540456,0.49999880906540456,2.381869190872498e-06,0
583,0.49999880667676433,0.49999880667676433,2.386646471450762e-06,2
584,0.8219955112928669,0.17800056374627102,3.924960862082487e-06,2
585,0.5283390882193326,0.47165865674565277,2.255035014618184e-06,1
586,0.4999988095083823,0.4999988095083823,2.3809832353786915e-06,0
587,0.49999880815318115,0.49999880815318115,2.3836936378352476e-06,0
588,0.4999988054118824,0.4999988054118824,2.389176235210709e-06,0
589,0.49999880697510246,0.49999880697510246,2.3860497950168094e-06,1
590,0.5236109443225395,0.4763867784891001,2.2771883603383724e-06,1
591,0.4999988079152006,0.4999988079152006,2.3841695985490027e-06,0
592,0.49999880703885785,0.49999880703885785,2.385922284367393e-06,1
593,0.49999880693053744,0.49999880693053744,2.3861389250677177e-06,1
594,0.49999880706322003,0.49999880706322003,2.3858735598895335e-06,0
595,0.5229623581332316,0.4770353633053576,2.2785614107484e-06,1
596,0.4999988062812818,0.4999988062812818,2.38743743638687e-06,1
