,topology,centrality,position,label
0,0.9999999772019655,9.370444071536325e-09,1.3427590444861723e-08,0
1,0.9999999952634484,4.572106445693828e-14,4.736505824951545e-09,0
2,0.9999999939950925,1.845679374007086e-14,6.004888941168785e-09,0
3,0.9999999938282149,6.4939816151129645e-15,6.171778589695581e-09,0
4,0.9999999945620783,1.1955050358813195e-11,5.425966550275835e-09,0
5,0.9999999956268824,5.42362625429934e-15,4.373112317742652e-09,0
6,0.999999994548536,4.9294042844118783e-14,5.451414685068438e-09,0
7,0.9999999945413822,3.4970193621352025e-12,5.455120860272303e-09,0
8,0.9999999942792535,5.313081154167706e-15,5.720741253385348e-09,0
9,0.9999999879195592,9.79629287667312e-12,1.2070644245961229e-08,0
10,0.9999999954342362,4.9770152674528816e-15,4.565758770083135e-09,0
11,0.9999999942974738,6.470877758009707e-15,5.702519834491302e-09,0
12,0.9999999850879286,9.163857104607026e-09,5.748214168931529e-09,0
13,0.9999999944743336,4.947713552353504e-15,5.525661435546097e-09,0
14,0.9999999955876591,1.9214131605284383e-11,4.39312671896498e-09,0
15,0.9999999178009366,6.861130521824483e-14,8.219899479485355e-08,0
16,0.9999999707825635,2.1191221734075894e-08,8.026214832037581e-09,0
17,0.9999999950796774,2.302715020081339e-11,4.897295325872875e-09,0
18,0.9999999869170237,1.1566105379580615e-13,1.3082860618561805e-08,0
19,0.9999999955333494,4.581189395036613e-15,4.466645981656535e-09,0
20,0.9999999682647444,3.2466067058669697e-12,3.1732009117740765e-08,0
21,0.9999999952602932,4.534589323089458e-12,4.735172160182157e-09,0
22,0.9999999956800079,6.840942754104334e-12,4.313151079377432e-09,0
23,0.9999989894930624,3.76400653576035e-09,1.00674293097872e-06,0
24,0.9999999737070022,1.7752185828754646e-13,2.629282044294699e-08,0
25,0.9999999936049964,2.2867644056433678e-11,6.372135790834272e-09,0
26,0.9999999945646154,1.4821938949318894e-14,5.435369742430037e-09,0
27,0.9999999938672255,4.474746451587916e-12,6.1282999233219214e-09,0
28,0.9999999935308788,2.254640487825444e-11,6.446574808526029e-09,0
29,0.9999999830151488,1.0001725322440531e-08,6.983126056725498e-09,0
30,0.9999999403011766,1.4426562440498749e-13,5.969867917525417e-08,0
31,0.9999999954365655,3.688291467133469e-15,4.563430758819146e-09,0
32,0.9999998228414885,1.2726420542960965e-07,4.9894305979567436e-08,0
33,0.9999999914525087,9.158807011102155e-15,8.547482252928667e-09,0
34,0.9999999888289922,4.883623333844506e-09,6.287384650091419e-09,0
35,0.9999999926167356,3.031948453509724e-11,7.352944828550203e-09,0
36,0.9999999917395522,6.191427319237542e-14,8.260385957714932e-09,0
37,0.9999999885412519,1.2268703600897302e-14,1.1458735882929042e-08,0
38,0.999999977653683,3.709333177512746e-12,2.2342607606106943e-08,0
39,0.9999999901121804,1.7450390112605339e-09,8.142780589363205e-09,0
40,0.9999999947313836,2.241221820331553e-12,5.266375021780491e-09,0
41,0.9999999937644126,6.826206418165537e-15,6.235580443162747e-09,0
42,0.9999999527710361,1.8382482090721159e-10,4.70451390541784e-08,0
43,0.9999999938413568,3.733476372683232e-12,6.154909663004874e-09,0
44,0.9999999939352155,6.6221793671936454e-15,6.064777737036698e-09,0
45,0.9999999945019629,5.535076555842569e-15,5.498031661902637e-09,0
46,0.9999999955088068,3.945116731587554e-12,4.487248121015133e-09,0
47,0.9999999856488098,1.4355407790243076e-14,1.4351175861316785e-08,0
48,0.9999990413175972,3.565898879644745e-09,9.551165039731062e-07,0
49,0.9999999698886242,2.5220733309194967e-11,3.0086155070797994e-08,0
50,0.999999994406485,5.832537748875712e-15,5.5935091438354665e-09,0
51,0.9999999947203886,1.6443555827911096e-14,5.279594965657938e-09,0
52,0.999999994354168,4.638638272447829e-15,5.645827338861268e-09,0
53,0.9999999949199061,7.816970941653135e-13,5.0793121759266195e-09,0
54,0.999999992135039,8.249527995288015e-15,7.86495290166282e-09,0
55,0.99999999420417,6.846960989142147e-15,5.795823154905741e-09,0
56,0.9999999955620245,5.376121722611011e-15,4.43797012414662e-09,0
57,0.9999999940608524,1.2385679830422329e-11,5.926762042799654e-09,0
58,0.9999999866761409,5.4159128880334635e-11,1.3269699950966106e-08,0
59,0.9999999365519936,7.455996242848497e-14,6.344793172667475e-08,0
60,0.9999999895374866,8.517188467179317e-12,1.0453996306819352e-08,0
61,0.9999999941224551,1.333957187215188e-11,5.864205332884665e-09,0
62,0.9999999948079954,4.536867547922524e-15,5.192000190684547e-09,0
63,0.9999999954056054,1.8513615388215906e-11,4.575881053204664e-09,0
64,0.9999999941792916,2.203715685770253e-12,5.8185045027985786e-09,0
65,0.9999999295224321,4.3257562755687077e-08,2.7220005239393798e-08,0
66,0.999999994591404,5.668539545081829e-15,5.408590121922669e-09,0
67,0.9999997986189554,2.2378332692588976e-13,2.013808208016407e-07,0
68,0.9999999658968148,1.388501096403563e-10,3.3964334900032665e-08,0
69,0.9999999944196838,3.4118041477728562e-12,5.576904451681692e-09,0
70,0.9999999950380372,3.4650210931107967e-12,4.958497722432711e-09,0
71,0.9999999948729927,4.813945332227278e-15,5.127002481780106e-09,0
72,0.9999999946514069,4.127044022026833e-15,5.348588896937218e-09,0
73,0.9999999948224834,4.8956145235677456e-15,5.177511635071398e-09,0
74,0.9999999934277821,7.273399436928889e-15,6.57221060699272e-09,0
75,0.9999999948845228,2.3556683079071867e-12,5.1131214258455575e-09,0
76,0.9999999937578534,5.088093037105468e-14,6.24209565509626e-09,0
77,0.9999999837869862,3.1397547065040916e-11,1.618161631445333e-08,0
78,0.9999999955857664,1.8635720846169685e-12,4.4123701319115905e-09,0
79,0.999999995672743,2.269064346404376e-12,4.324987894368945e-09,0
80,0.9999990280493664,1.5637710724428846e-10,9.717942565727424e-07,0
81,0.9999999890861501,8.776357246480293e-15,1.0913841256474559e-08,0
82,0.9999999943287519,8.48711145086052e-13,5.670399418537055e-09,0
83,0.9999999937174071,5.831571600011991e-13,6.282009733538374e-09,0
84,0.9999999611050565,2.1655349700916233e-08,1.7239593878251703e-08,0
85,0.9999999939078326,6.269983809002784e-10,5.465168988153992e-09,0
86,0.9999999935420911,4.390395510918688e-15,6.457904346330428e-09,0
87,0.999999993864793,4.258244538833772e-12,6.130948711229439e-09,0
88,0.9999999940080952,3.3843762779264637e-12,5.988520229373875e-09,0
89,0.9999999945570324,5.154662201387993e-15,5.442962541200905e-09,0
90,0.9999999940931958,2.4440027200077333e-11,5.882364072731683e-09,0
91,0.9999999750707458,1.8236399082506578e-08,6.692855159344592e-09,0
92,0.9999999937071098,6.605835794257261e-10,5.632306637868538e-09,0
93,0.9999999932220838,5.939304812934058e-13,6.777322309990981e-09,0
94,0.9999999950971976,4.7177872700833355e-15,4.902797552251536e-09,0
95,0.9999999955242462,9.89338769811533e-12,4.465860267351165e-09,0
96,0.9999999945818374,4.206133346841825e-15,5.418158442494852e-09,0
97,0.9999999952135041,1.244707351195385e-14,4.786483491782327e-09,0
98,0.9999999942062887,6.685705275077712e-10,5.125140674300849e-09,0
99,0.9999999597599504,2.0678502950012476e-11,4.021937108683576e-08,0
100,0.9999999945671272,3.741904135324211e-12,5.429130795820086e-09,0
101,0.9999999878784221,9.236238459752286e-15,1.2121568507624647e-08,0
102,0.9999999941025177,2.239662887441622e-11,5.8750856367775945e-09,0
103,0.9999999951844696,4.172100198338404e-15,4.815526245541373e-09,0
104,0.9999999936307511,5.4040857692585354e-14,6.3691948218885604e-09,0
105,0.999999994854551,2.1501894283626223e-11,5.123947127794902e-09,0
106,0.9999999939388493,5.977330171577552e-15,6.06114467868636e-09,0
107,0.999999984494762,7.73811479168905e-12,1.549749983849518e-08,0
108,0.9999999951584366,3.7818779657147066e-15,4.841559677480282e-09,0
109,0.9999999906165616,1.5705894262284122e-12,9.381867819635312e-09,0
110,0.9999999946865468,6.002019601407978e-15,5.313447239440936e-09,0
111,0.9999999954779937,4.324677119958277e-15,4.522002083151817e-09,0
112,0.9999999951718539,3.8876503379271815e-12,4.824258525681539e-09,0
113,0.9999999953492036,1.2346582102514271e-11,4.638449890201832e-09,0
114,0.9999999942661204,2.639312709863387e-11,5.707486498405711e-09,0
115,0.9999999955346426,4.498619145160747e-15,4.465353000356039e-09,0
116,0.9999999963799813,9.166382863189049e-12,3.610852315075369e-09,0
117,0.9999999952209238,5.1370932027414244e-15,4.779071143237374e-09,0
118,0.9999999937540869,2.127750931088964e-12,6.243785329754713e-09,0
119,0.9999999931172379,5.035639829879931e-15,6.8827570089751535e-09,0
120,0.9999999749334529,1.0498301434467735e-08,1.4568245496805887e-08,0
121,0.999999995522453,2.513838321091746e-12,4.475033118220076e-09,0
122,0.9999996580443801,1.339626148117111e-09,3.406159937502834e-07,0
123,0.9999999237142461,3.308004734757913e-08,4.320570665131225e-08,0
124,0.9999999841772185,4.616281029247517e-14,1.5822735340005206e-08,0
125,0.9999999956683454,9.883134020789831e-12,4.321771282971185e-09,0
126,0.9999999681926462,2.4324619775780776e-14,3.1807329264931104e-08,0
127,0.9999999944569229,5.435120945876802e-15,5.543071824355073e-09,0
128,0.9999999948477141,1.7115950469040956e-11,5.135169984064424e-09,0
129,0.9999999953205991,5.201787987958218e-15,4.67939557519636e-09,0
130,0.9999999946770641,1.7589608874540212e-11,5.305346128668448e-09,0
131,0.9999999955754506,2.2831384750219742e-12,4.422266276551457e-09,0
132,0.9999999579852623,4.069018866977741e-14,4.201469698578564e-08,0
133,0.9999999954357313,6.045446006458554e-15,4.564262595085036e-09,0
134,0.9999999027686058,7.528972427215767e-11,9.715610450649037e-08,0
135,0.9999997347220919,9.687018597037027e-10,2.643092061851838e-07,0
136,0.9999999880396601,1.2183356224595956e-12,1.1959121589631488e-08,0
137,0.9999999934793167,2.0796303848966792e-11,6.499886882508492e-09,0
138,0.9999999955514258,3.0546897299898334e-12,4.44551938963491e-09,0
139,0.9999999864110192,3.037845799602679e-11,1.355860235194466e-08,0
140,0.9999999944161575,5.751216530771859e-15,5.583836741257865e-09,0
141,0.9999999798457202,8.058632452942293e-11,2.0073693565226015e-08,0
142,0.999999995375225,5.893969357802081e-15,4.6247691242369495e-09,0
143,0.999999994373568,4.022220947546885e-12,5.622409651154872e-09,0
144,0.9999999892998547,1.1242336048163247e-14,1.0700134076387547e-08,0
145,0.9999999859175683,8.660142142351922e-09,5.422289517581139e-09,0
146,0.9999999924404247,8.77215467697611e-15,7.559566688780597e-09,0
147,0.9999999613214344,2.8351589804879216e-11,3.865021386297544e-08,0
148,0.9999999941489188,2.5737073276961527e-11,5.825344015592792e-09,0
149,0.9999999946463041,5.23449535273716e-15,5.353690713179122e-09,0
150,0.9999999945756519,4.028475176289203e-12,5.42031955068335e-09,0
151,0.9999999947820071,2.50972883866196e-11,5.192895515295139e-09,0
152,0.9999999949330176,2.0194028485719825e-11,5.046788413868901e-09,0
153,0.9999999951725798,2.1058913357562296e-11,4.806361195834097e-09,0
154,0.9999999950210472,4.679106672203831e-15,4.978948122252549e-09,0
155,0.9999999921831685,2.7526773929232995e-11,7.789304690548446e-09,0
156,0.9999999926460059,6.438994279598519e-15,7.353987482421166e-09,0
157,0.9999999487579982,4.5002614160764e-09,4.674174047177287e-08,0
158,0.9999999943423634,2.6628052005865786e-11,5.6310085083031715e-09,0
159,0.9999999897936583,3.862130098019225e-11,1.0167720389265777e-08,0
160,0.9999999936285224,4.4172786646452186e-12,6.367060277456873e-09,0
161,0.9999999724790004,2.055627673395314e-14,2.7520979075337564e-08,0
162,0.9999999954971996,2.294179482621062e-12,4.500506174310521e-09,0
163,0.9999999678319854,2.8011159817486896e-14,3.216798660444041e-08,0
164,0.999999982030516,7.82937822890551e-09,1.0140105835639797e-08,0
165,0.9999999954832415,1.9225993265349784e-11,4.4975325595853316e-09,0
166,0.9999999952288736,5.139571071455211e-10,4.2571692023655495e-09,0
167,0.9999999944740512,7.234946205331282e-15,5.525941468514962e-09,0
168,0.9999999884760719,5.34418283717834e-09,6.179745281200964e-09,0
169,0.9999999943278288,5.909530318154694e-13,5.67158021532442e-09,0
170,0.9999999896966357,1.5336844511784508e-12,1.0301830516472937e-08,0
171,0.9999999257724628,5.087685927782095e-14,7.422748640146087e-08,0
172,0.9999999943823734,5.794006254059748e-15,5.617620832150933e-09,0
173,0.9999999955830092,1.9735664892543415e-11,4.397255075900784e-09,0
174,0.9999999911156993,4.010046743545386e-09,4.874254001306239e-09,0
175,0.9999999889248296,4.776352621326138e-12,1.1070394189931216e-08,0
176,0.9999998062473467,6.21102805127144e-10,1.9313155039639161e-07,0
177,0.9999999938074862,3.84628138616369e-12,6.1886675831193166e-09,0
178,0.999999966895841,1.4084626572923813e-08,1.9019532468612052e-08,0
179,0.999999995190451,2.3021629032885107e-12,4.807246686627439e-09,0
180,0.9999999921416906,1.2493363906701369e-09,6.60897311233474e-09,0
181,0.9999999961159758,3.9331168732733804e-14,3.88398480805882e-09,0
182,0.9999999926940373,2.4317628583497286e-11,7.281645029871475e-09,0
183,0.9999999093216803,8.271075242753964e-14,9.06782371317613e-08,0
184,0.999999228234488,7.396129815948167e-11,7.716915506614109e-07,0
185,0.9999999852382495,1.1759375904876415e-11,1.4749991105573492e-08,0
186,0.9999999801963457,1.4420004014957456e-08,5.38365031831332e-09,0
187,0.9999999955801913,5.512179791168323e-15,4.419803193785167e-09,0
188,0.999999995379099,1.4406886755991044e-14,4.620886614047986e-09,0
189,0.9999999945079401,4.787164756551038e-15,5.492055151788003e-09,0
190,0.9999999686758877,2.9281430432770863e-14,3.132408301975339e-08,0
191,0.9999999947910814,2.1345193507082337e-11,5.187573484733311e-09,0
192,0.9999999951848169,4.147982925269314e-12,4.81103507649844e-09,0
193,0.9999999926853651,8.161197415498408e-15,7.314626610346051e-09,0
194,0.9999999269290889,6.47174036137101e-14,7.307084637004327e-08,0
195,0.9999999944912308,4.0192193375578286e-14,5.508728957137397e-09,0
196,0.9999999936884618,9.898565819596622e-13,6.310548245902945e-09,0
197,0.9999999947002602,2.3235172517107055e-11,5.276504556605042e-09,0
198,0.9999999797976209,1.5120846531470327e-08,5.0815325012461065e-09,0
199,0.9999999914315115,3.6071490212409504e-11,8.532417080149678e-09,0
200,0.9999999954138756,3.3974513359634706e-12,4.58272700760382e-09,0
201,0.9999999960130741,3.390378419953749e-12,3.983535512735324e-09,0
202,0.9999999794508232,9.179365101979914e-09,1.1369811666240934e-08,0
203,0.999999954037785,3.946525680787649e-09,4.2015689432977673e-08,0
204,0.9999999928981431,7.829767926732562e-14,7.1017785476627815e-09,0
205,0.999999995638992,2.2880730646714805e-12,4.3587198289463356e-09,0
206,0.9999999958260648,1.6962292628249088e-11,4.156972932925171e-09,0
207,0.9999990520057717,1.364444276241096e-09,9.466297840611692e-07,0
208,0.999999994664198,7.550179042201369e-13,5.33504697093187e-09,0
209,0.9999999958860866,1.9124570032805648e-12,4.112000887999808e-09,0
210,0.9999998446559731,6.304213481542852e-10,1.5471360546041258e-07,0
211,0.9999999936792154,1.975099158618647e-14,6.320764770172114e-09,0
212,0.9999999954743017,2.2214703462620447e-12,4.523476856709923e-09,0
213,0.9999999890463643,8.441317456126848e-15,1.0953627252882304e-08,0
214,0.9999999951277203,5.444265502494388e-15,4.872274280634976e-09,0
215,0.9999999937795399,1.2471127149209583e-11,6.207989053580654e-09,0
216,0.999999984539258,8.631809274000242e-09,6.828932833198094e-09,0
217,0.9999999894434374,7.290861714340615e-12,1.0549271751851765e-08,0
218,0.9999999804951866,1.522141214952589e-14,1.9504798053525554e-08,0
219,0.9999999937898596,7.821428583551021e-14,6.210062179775682e-09,0
220,0.9999999895757975,8.001306714778644e-12,1.0416201235823136e-08,0
221,0.9999999932380912,7.0248190854467735e-15,6.761901735802807e-09,0
222,0.9999999947565776,3.749440628419627e-12,5.239672844517195e-09,0
223,0.9999999909473053,1.1417212468608668e-12,9.05155300147962e-09,0
224,0.9999998539103627,6.990130103297193e-10,1.4539062425415009e-07,0
225,0.999996384096515,2.600789895194886e-09,3.613302695097296e-06,0
226,0.9999999948252234,6.053420325483398e-15,5.174770511713324e-09,0
227,0.9999999946437383,9.902037143760091e-12,5.346359469896363e-09,0
228,0.9999999933786479,4.6396245197125887e-14,6.621305737858289e-09,0
229,0.9999999941524893,6.283910541853298e-13,5.846882248547582e-09,0
230,0.999999992994772,8.020875516688971e-15,7.005220018222168e-09,0
231,0.9999999844915248,1.1423959190399166e-11,1.5497051256734127e-08,0
232,0.999999992514435,7.331825141118449e-15,7.485557589545979e-09,0
233,0.9999999957299599,3.576191319301596e-15,4.2700366310488046e-09,0
234,0.999999995174788,5.9360864573569535e-15,4.82520605491563e-09,0
235,0.9999999904509013,3.6230647581867574e-11,9.512868277047402e-09,0
236,0.9999999941004463,8.876373522267058e-13,5.8986659336000275e-09,0
237,0.9999999679899411,2.4479408343118407e-08,7.530650459602899e-09,0
238,0.9999999700060065,1.2698770755558727e-08,1.7295222774409297e-08,0
239,0.999999994425715,3.96055466972792e-12,5.57032438087251e-09,0
240,0.9999999803149838,8.457208689767674e-09,1.1227807363772152e-08,0
241,0.9999999928730461,7.78947651720457e-15,7.126946084627307e-09,0
242,0.9999999900555269,4.2898378272374945e-09,5.6546353367728505e-09,0
243,0.9999999935903094,5.949072613521841e-15,6.409684418779088e-09,0
244,0.9999998724674168,9.011397551418171e-14,1.2753249292407384e-07,0
245,0.9999999955938152,5.278322658892033e-15,4.406179440256489e-09,0
246,0.999999994853483,2.905651481484717e-12,5.143611306246338e-09,0
247,0.9999999954359373,1.490366512209759e-14,4.5640478503904416e-09,0
248,0.9999999952506087,1.912457002065241e-12,4.747478818148721e-09,0
249,0.9999987366000261,2.0930024668325565e-07,1.0540997270966858e-06,0
250,0.9999999948251366,4.031976790425933e-12,5.170831515326033e-09,0
251,0.9999999955946537,1.7623120511479e-11,4.387723264780188e-09,0
252,0.9999999946602411,4.209619893013169e-15,5.339754555038538e-09,0
253,0.9999999781733022,1.7044400673026485e-08,4.782297211225934e-09,0
254,0.9999999945692226,6.184042722894206e-15,5.430771135399879e-09,0
255,0.9999999948016005,4.3528298933697876e-15,5.198395018375435e-09,0
256,0.9999999950886453,5.315447960011417e-15,4.911349305010537e-09,0
257,0.9999999948534917,4.162070043491825e-12,5.1423463878079064e-09,0
258,0.999999995059397,3.896934938062068e-15,4.940598917773034e-09,0
259,0.9999999937000168,5.17098440579917e-15,6.29997798415064e-09,0
260,0.9999999946905442,4.069612307392699e-12,5.305386023471346e-09,0
261,0.9999999958632468,2.0039472216485147e-12,4.134749097538349e-09,0
262,0.9999999951632257,3.86919883078704e-12,4.8329051938458496e-09,0
263,0.999999994994871,5.9550102957705495e-15,5.005123008674723e-09,0
264,0.9999999946839428,6.916650404567948e-15,5.316050206746214e-09,0
265,0.999999992728277,6.327879909875236e-13,7.27109020040821e-09,0
266,0.9999999769116329,1.6071504308709835e-11,2.307229564388076e-08,0
267,0.9999999944126934,5.6468961239337845e-15,5.5873011058027984e-09,0
268,0.9999999757055725,2.285731891991726e-14,2.429440464200984e-08,0
269,0.9999999413617348,6.93613768872361e-14,5.863819596320467e-08,0
270,0.9999999941407529,6.258301537714822e-15,5.85924088408499e-09,0
271,0.9999995022007873,5.241020395055124e-08,4.453890089234457e-07,0
272,0.9999999947659719,3.935829487466922e-12,5.230092425573201e-09,0
273,0.9999999927789336,1.636304906119231e-11,7.204703287595826e-09,0
274,0.9999989903470203,3.896695596312981e-09,1.0057562840479666e-06,0
275,0.9999999934994046,4.7704570523678634e-14,6.50054768257083e-09,0
276,0.9999999936455197,6.60476843788517e-15,6.354473605934749e-09,0
277,0.9999999943473317,3.790667275333432e-12,5.648877530786124e-09,0
278,0.9999988424860518,9.301305337399082e-10,1.1565838178051939e-06,0
279,0.9999999899862134,4.575431373314353e-09,5.438355367338364e-09,0
280,0.9999999700321323,3.3079602615215276e-14,2.9967834599119196e-08,0
281,0.999999992086681,5.778082235100542e-15,7.913313218575876e-09,0
282,0.9999999948738261,4.7593910317213086e-14,5.126126301183466e-09,0
283,0.9999999938907058,5.95954158035037e-15,6.109288066769464e-09,0
284,0.9999999940311184,4.126949215711585e-12,5.9647546187106934e-09,0
285,0.9999999715024427,8.92072201820002e-14,2.849746810952064e-08,0
286,0.9999999595652608,2.3849520433947424e-08,1.658521885762894e-08,0
287,0.9999999835462554,1.3833379330671842e-09,1.5070406640673377e-08,0
288,0.999999959176595,3.481374189917168e-09,3.7342030828032245e-08,0
289,0.9999999892245165,4.446844868360347e-09,6.328638725540107e-09,0
290,0.9999999758103201,1.9711844007680225e-14,2.4189660144914193e-08,0
291,0.9999999938861792,4.308835980313092e-15,6.113816547400207e-09,0
292,0.9999999950306437,1.7312959603557186e-11,4.9520432403783385e-09,0
293,0.9999999924509956,7.573609269682688e-15,7.548997024939164e-09,0
294,0.9999999852695292,2.0691379103104814e-12,1.4728401642253943e-08,0
295,0.9999999895575545,3.3798023567337424e-14,1.0442411656831584e-08,0
296,0.9999999946822684,2.201848094904372e-12,5.3155297112676236e-09,0
297,0.9999999916655776,1.2316541727153353e-12,8.333190733516882e-09,0
298,0.9999999959647001,5.246921050265071e-15,4.035294592028738e-09,0
299,0.9999999658874628,2.897304944780795e-14,3.411250821223893e-08,0
300,0.9999999933071457,6.660904992792328e-15,6.692847476883026e-09,0
301,0.9999999662321963,1.4051949824984913e-10,3.3627283960072884e-08,0
302,0.9999999916228385,1.1017006377034782e-14,8.377150563064362e-09,0
303,0.9999999900058142,1.0221300234012254e-14,9.994175545858264e-09,0
304,0.9999999940801256,5.053298504251679e-15,5.919869226414417e-09,0
305,0.9999999944152642,4.797364307571057e-13,5.584255922627488e-09,0
306,0.9999999944498998,4.763991483242973e-12,5.5453360885591514e-09,0
307,0.9999999932499839,6.1560885010249004e-15,6.750009733173568e-09,0
308,0.9999999953065031,4.446152112946494e-12,4.689050733052039e-09,0
309,0.9999999719806189,2.5723541123417553e-14,2.8019355409889326e-08,0
310,0.9999999935706838,2.3187777439749592e-11,6.406128419250031e-09,0
311,0.9999999950217533,4.979884581439066e-15,4.97824180206203e-09,0
312,0.9999998348600567,1.0424554244550575e-07,6.089440074343968e-08,0
313,0.999999990990459,6.828640325220287e-14,9.009472691486856e-09,0
314,0.9999999942162701,1.2253777946181275e-11,5.771476223794528e-09,0
315,0.9999999955394714,1.1158104665854364e-11,4.449370497403348e-09,0
316,0.9999999859592046,1.5037920279803533e-14,1.4040780264748586e-08,0
317,0.9999999933730099,1.9452643169410974e-14,6.626970390416067e-09,0
318,0.9999999912388639,6.616092998805683e-15,8.761129521005204e-09,0
319,0.9999999939249467,1.863681086399567e-11,6.056416516051234e-09,0
320,0.9999999949965872,4.62466976379812e-15,5.003408082533106e-09,0
321,0.9999999931582051,8.541406567767093e-15,6.84178640267131e-09,0
322,0.9999999909499878,9.387048799623375e-15,9.050002824890253e-09,0
323,0.9999999628929279,1.3345592050755724e-10,3.697361607876907e-08,0
324,0.9999999630214327,2.6856214182366015e-11,3.6951711057778906e-08,0
325,0.9999999945180809,4.576243242699737e-12,5.477342918393084e-09,0
326,0.999999945058995,4.4070005398699923e-11,5.489693496446354e-08,0
327,0.999999995068847,1.93277025291584e-11,4.9118252411982856e-09,0
328,0.9999999935719415,7.481275593991981e-15,6.428050959873898e-09,0
329,0.9999999951589367,3.951494055752461e-12,4.837111707016269e-09,0
330,0.017160913923536268,9.546763740088278e-07,0.9828381314000896,1
331,0.010148119176170999,0.0007070270772726678,0.9891448537465564,1
332,0.02565822120200018,0.0007438665359175521,0.9735979122620824,1
333,0.019054338510208373,0.00010365104071544088,0.9808420104490763,1
334,0.009770112729215593,0.0043369123905869335,0.9858929748801973,1
335,0.017335593032425666,7.707284637081362e-07,0.9826636362391108,1
336,0.0024944605252902436,6.723881109886905e-07,0.9975048670865989,1
337,0.4764295960019645,5.4284314454813646e-05,0.5235161196835807,1
338,0.009422095660813604,0.0007471578048636379,0.9898307465343226,1
339,0.011719953639031848,0.0007878167059516472,0.9874922296550166,1
340,0.037873411055318745,1.0635111713968811e-06,0.9621255254335098,1
341,0.9996122207572893,2.522366528789882e-07,0.00038752700605795837,1
342,0.9665772509657066,2.6636166077105516e-08,0.033422722398127304,1
343,0.03317134064000718,0.00010109686332160818,0.9667275624966711,1
344,0.982072245763049,1.836601643748879e-08,0.017927735870934585,1
345,0.0033909782277232103,1.4079811455024093e-06,0.9966076137911313,1
346,0.0060647700660890844,0.0007393105589042063,0.9931959193750068,1
347,0.7796689585588356,1.651951439328463e-07,0.2203308762460205,1
348,0.8445184322683017,0.0006355085751822313,0.15484605915651603,1
349,0.16013903495543588,0.003616114717994906,0.8362448503265693,1
350,0.08801621841541028,8.871624435820253e-05,0.9118950653402317,1
351,0.02191641652563267,0.00223268736783399,0.9758508961065334,1
352,0.01749111714028004,3.5068673909294348e-06,0.9825053759923291,1
353,0.0035085345726570028,8.575176993610866e-07,0.9964906079096437,1
354,0.0829444694590942,7.732356787257959e-07,0.917054757305227,1
355,0.2450950321922192,0.00032571787889186,0.7545792499288889,1
356,0.047739031511240315,8.381002642726347e-07,0.9522601303884954,1
357,0.062301885479335455,6.936645431875137e-07,0.9376974208561213,1
358,0.022799802056644967,8.548072548284408e-07,0.9771993431361001,1
359,0.052871237848563915,0.00040574136172234754,0.9467230207897137,1
360,0.015361596646309723,9.55432132179598e-07,0.984637447921558,1
361,0.036061959503952815,8.342037286908881e-07,0.9639372062923184,1
362,0.004466933200127291,0.0006600449759329509,0.9948730218239398,1
363,0.0173500404384538,0.10921505839459489,0.8734349011669512,1
364,0.02910798236514728,0.00014057130507925454,0.9707514463297735,1
365,0.005715058082595353,7.87429864288807e-06,0.9942770676187617,1
366,0.021192737716688587,0.0006773406353546478,0.9781299216479568,1
367,0.3785383668596363,0.4237278019859355,0.1977338311544281,1
368,0.9940066250513242,7.406966930876271e-09,0.005993367541708875,1
369,0.014648855881217657,1.004630737132809e-06,0.9853501394880452,1
370,0.005094380767756231,6.960937663144892e-07,0.9949049231384773,1
371,0.003048004556205769,0.00013613913094270735,0.9968158563128515,1
372,0.9636374929292475,5.7513438455642315e-06,0.036356755726906914,1
373,0.003597958881556977,1.1984633317139189e-06,0.9964008426551112,1
374,0.005391863737093495,9.776922020682493e-07,0.9946071585707045,1
375,0.018130320721779454,0.7530543342472117,0.22881534503100884,1
376,0.16202326204046108,6.243834969365081e-06,0.8379704941245695,1
377,0.018625792625012596,9.418338337075306e-07,0.9813732655411536,1
378,0.01850392722085827,7.965961050403937e-07,0.9814952761830369,1
379,0.006693627465727358,8.434444651376663e-07,0.9933055290898074,1
380,0.497738253520089,0.3009208289210898,0.2013409175588213,1
381,0.0034299976512636296,0.4277070529076716,0.5688629494410647,1
382,0.9109183124819198,9.430061339659477e-08,0.0890815932174669,1
383,0.04978601924741986,7.177640991650276e-07,0.950213262988481,1
384,0.1030841167254677,6.753514981507447e-07,0.8969152079230341,1
385,0.04783223698296477,1.2111670317339018e-06,0.9521665518500034,1
386,0.11650099971211793,8.930537359569873e-07,0.8834981072341461,1
387,0.051244192234996246,9.555154852352043e-07,0.9487548522495185,1
388,0.9999211100835657,2.5694179817242927e-10,7.888965949258116e-05,1
389,0.010562676359035364,1.3741672250211137e-06,0.9894359494737397,1
390,0.07417999463512023,7.748708279813464e-07,0.9258192304940516,1
391,0.0688134613162067,0.0007394575487409397,0.9304470811350524,1
392,0.007921610888064696,6.911330655784482e-06,0.9920714777812796,1
393,0.002113994139081472,0.6200900003831279,0.37779600547779063,1
394,0.0020818279094633302,8.333696457637071e-07,0.997917338720891,1
395,0.007357116695219643,1.0087180625721086e-06,0.9926418745867177,1
396,0.9997758057044066,3.418990620807327e-05,0.00019000438938517682,1
397,0.9946927995245852,5.63168257260671e-09,0.005307194843732263,1
398,0.029610246681548602,0.003458240358402905,0.9669315129600485,1
399,0.048334817734234016,1.166866559985082e-06,0.9516640153992059,1
400,0.003859468774986011,0.4546847493638822,0.5414557818611317,1
401,0.015307206774309271,1.0207511097161041e-06,0.984691772474581,1
402,0.013057559318260343,8.859618041489267e-07,0.9869415547199356,1
403,0.022422967996182312,0.09582124260980056,0.881755789394017,1
404,0.9633012742077299,3.927599867823921e-08,0.03669868651627154,1
405,0.0955948199445283,0.002011738438462298,0.9023934416170094,1
406,0.0013761513811996946,0.00012986514144989501,0.9984939834773504,1
407,0.0547904161477746,7.603418167237925e-07,0.9452088235104088,1
408,0.9890692808199825,1.326673677948144e-06,0.010929392506339454,1
409,0.964877015837158,2.008427427557533e-05,0.03510289988856629,1
410,0.035874513579808524,0.00447199457359195,0.9596534918465994,1
411,0.021326922447909253,9.591900551737016e-07,0.9786721183620355,1
412,0.008310394517943872,0.0007346507180704933,0.9909549547639858,1
413,0.01847812908838064,0.00012623946618861624,0.9813956314454308,1
414,0.011584886155950835,0.003497192296309627,0.9849179215477395,1
415,0.013233011721662946,0.0007085479037825687,0.9860584403745545,1
416,0.9999782609527559,1.904550723285775e-08,2.172000173689199e-05,1
417,0.008977177540729768,0.0006519724624491958,0.990370849996821,1
418,0.3896128100499113,7.356779217483315e-07,0.6103864542721669,1
419,0.7984448294051795,0.0007110565046716494,0.20084411409014874,1
420,0.9347054086947312,5.906061933691732e-07,0.0652940006990753,1
421,0.5756839329552993,3.4585551889150593e-06,0.4243126084895117,1
422,0.0021893627151178983,9.975429752006453e-07,0.9978096397419068,1
423,0.9715612994368821,2.6418961590603497e-08,0.02843867414415634,1
424,0.013402589370710996,1.33867667018715e-06,0.9865960719526188,1
425,0.10435229761801203,0.52624520341642,0.369402498965568,1
426,0.007299112401913836,9.398336156390445e-07,0.9926999477644706,1
427,0.10772397543384173,0.00044113781538025006,0.891834886750778,1
428,0.008560389623657806,0.4110857913646264,0.5803538190117158,1
429,0.03085031364991782,3.2540572452180777e-06,0.969146432292837,1
430,0.9998000658755393,7.213495412917682e-07,0.00019921277491940866,1
431,0.03295368284950684,2.6241714362034136e-06,0.9670436929790568,1
432,0.14511551680693544,2.7750339001932297e-06,0.8548817081591644,1
433,0.2261205301044454,0.0795599992007519,0.6943194706948027,1
434,0.9777704454557223,8.565666866448571e-05,0.0221438978756131,1
435,0.004499983587073448,0.00349858839367653,0.9920014280192502,1
436,0.0039794618794128855,0.0004585624281373676,0.9955619756924495,1
437,0.011840620794819928,0.0007518040571548612,0.9874075751480252,1
438,0.17157069244437706,1.0953821674988903e-06,0.8284282121734555,1
439,0.03635732007863553,1.0382096943292666e-06,0.9636416417116701,1
440,0.0080619040067814,0.0005690026489959117,0.9913690933442225,1
441,0.5154483022830583,0.0022306906186323446,0.4823210070983094,1
442,0.10627576959869486,0.003884696147885946,0.8898395342534193,1
443,0.020647349614881745,3.0143726139494942e-06,0.9793496360125044,1
444,0.9143865177097134,9.132251020338353e-08,0.08561339096777634,1
445,0.0022096335069707717,0.0018233885458488054,0.9959669779471806,1
446,0.0030936162767479796,8.612723352143657e-07,0.9969055224509169,1
447,0.015752645907116468,0.0001213173896681296,0.9841260367032154,1
448,0.6948309195703198,0.0012193933935749717,0.30394968703610514,1
449,0.029115676924222008,1.3291799466994444e-05,0.9708710312763108,1
450,0.15370126607678167,6.609067459396609e-07,0.8462980730164724,1
451,0.9874605544199911,5.607296324912034e-05,0.01248337261675974,1
452,0.05000310621271223,0.0038350852405991493,0.9461618085466886,1
453,0.007734135323936821,6.864733320127373e-07,0.9922651782027312,1
454,0.33599097934770983,6.127035545298888e-07,0.6640084079487356,1
455,0.002885763015480405,6.724985499753035e-07,0.9971135644859697,1
456,0.04164034010526267,0.003445839076418417,0.9549138208183189,1
457,0.13053124752819262,0.0017014237355782611,0.8677673287362292,1
458,0.006247675291504424,0.0005338382982386553,0.9932184864102569,1
459,0.08870018262015544,8.15895533571161e-07,0.9112990014843112,1
460,0.027174485835540302,0.000766046869696395,0.9720594672947633,1
461,0.7548871646821748,0.0008580480448539779,0.24425478727297134,1
462,0.009490619214807244,3.349094903268904e-06,0.9905060316902894,1
463,0.005544225096465348,0.00013766289804832503,0.9943181120054864,1
464,0.9793028692302362,1.4297110913888296e-08,0.020697116472652852,1
465,0.09402780437915458,0.000728880118675455,0.9052433155021701,1
466,0.016442514422736705,0.00034227520750249735,0.9832152103697607,1
467,0.06330369223814458,0.0005025320624184932,0.9361937756994368,1
468,0.012164237720414878,1.1231199127816612e-06,0.9878346391596724,1
469,0.9994351967702205,3.58505737000845e-07,0.0005644447240423995,1
470,0.006656021373533763,0.0003561256199555876,0.9929878530065107,1
471,0.008516007184459103,9.976312319984198e-07,0.9914829951843089,1
472,0.00787612541599757,0.002276069413497027,0.9898478051705053,1
473,0.015328821480411274,0.0004366872406498217,0.9842344912789389,1
474,0.9999712993374704,8.47479411903038e-11,2.8700577781671597e-05,1
475,0.9979554522045143,1.293770055143134e-06,0.0020432540254306584,1
476,0.9999491072415807,6.081364941741854e-09,5.0886677054322404e-05,1
477,0.04644426060681222,0.0004522895919024541,0.9531034498012854,1
478,0.044589643657563016,0.0006116350512562267,0.9547987212911808,1
479,0.2596197847706175,7.06231329931956e-07,0.7403795089980527,1
480,0.03855298304260624,8.630027592578953e-06,0.9614383869298013,1
481,0.018620337744145878,0.0008080842718614366,0.9805715779839926,1
482,0.7290262557234317,3.255203677424803e-07,0.27097341875620046,1
483,0.10603567918056767,0.0004028197448620417,0.8935615010745703,1
484,0.011095229591446603,9.57245960544078e-07,0.9889038131625928,1
485,0.9573060108884551,2.2348079618583326e-05,0.0426716410319264,1
486,0.9999234165184677,5.641194983140277e-08,7.652706958255107e-05,1
487,0.12884383493794507,0.00013271765873785693,0.871023447403317,1
488,0.7781778562810618,2.4617436966818115e-07,0.22182189754456832,1
489,0.01600933774364624,0.0008729565887460399,0.9831177056676076,1
490,0.0075817466656415075,0.0017948697900955375,0.9906233835442628,1
491,0.0038588007325629204,1.0554575111450284e-06,0.9961401438099259,1
492,0.002658192458435772,0.0006625955446860859,0.9966792119968781,1
493,0.9162402414238882,3.546453392511867e-05,0.08372429404218673,1
494,0.999602423489332,3.4327897379292154e-08,0.0003975421827704936,1
495,0.007004262784242728,1.4229116803763858e-06,0.9929943143040767,1
496,0.9649197900648862,0.00014367978579888713,0.03493653014931499,1
497,0.02638220051365676,1.0532021149646227e-06,0.9736167462842283,1
498,0.008178238459401339,0.004268782143184479,0.9875529793974142,1
499,0.030391182198948867,0.002192111180160852,0.9674167066208904,1
500,0.064029830460459,0.0008151975053741809,0.9351549720341669,1
501,0.9935306734566477,2.8821205537037457e-05,0.006440505337815292,1
502,0.002387188687590459,1.0442197822247558e-06,0.9976117670926273,1
503,0.9350938814505071,0.00022377869630276192,0.06468233985319022,1
504,0.8968615505356267,0.00039532550443005667,0.10274312395994326,1
505,0.9999403359256108,5.4357648916883206e-11,5.966402003143551e-05,1
506,0.014681739710707664,9.626760978290559e-07,0.9853172976131946,1
507,0.7230729146029373,0.12358747747515872,0.15333960792190385,1
508,0.015585851066064752,8.249772513472066e-07,0.9844133239566838,1
509,0.013136322762400399,8.036943650765515e-06,0.9868556402939488,1
510,0.8264915750256642,0.0005933646717598041,0.17291506030257595,1
511,0.9994958228358475,5.6326863122868796e-09,0.0005041715314662124,1
512,0.003682325172496595,9.787813245940613e-07,0.9963166960461787,1
513,0.9999921300461141,7.395713194366723e-12,7.869946490224936e-06,1
514,0.0030840573080659294,0.1652644885382302,0.8316514541537039,1
515,0.9984032092314867,6.256142080436812e-06,0.0015905346264328832,1
516,0.016680913538348222,0.00010317626864879608,0.983215910193003,1
517,0.0013458884019722755,0.798927408249511,0.1997267033485166,1
518,0.024021675769117307,7.433027822030605e-07,0.9759775809281004,1
519,0.02571335729666297,0.003629443452437081,0.9706571992508999,1
520,0.005462137050214022,9.681158071286965e-06,0.9945281817917146,1
521,0.0037855100425201234,0.002519722202053808,0.9936947677554261,1
522,0.04730528945449021,1.0306351310704312e-06,0.9526936799103787,1
523,0.02640197725920366,7.619071553359951e-07,0.973597260833641,1
524,0.1326176666753013,9.312736156250254e-05,0.8672892059631361,1
525,0.010733551194471664,7.123602563488597e-07,0.9892657364452719,1
526,0.018449724240356444,0.0042241668102076845,0.977326108949436,1
527,0.9999995913065691,8.221478525657162e-10,4.0787128309816313e-07,1
528,0.011400546062812038,0.0004119255033963046,0.9881875284337917,1
529,0.9993643665309543,2.624151662907179e-07,0.0006353710538793365,1
530,0.10517813274807271,0.0006468464683741153,0.8941750207835532,1
531,0.9999704113363465,2.3813599233153622e-11,2.9588639839949885e-05,1
532,0.9349293925054747,9.886767469604983e-06,0.06506072072705586,1
533,0.0028212517247312822,0.0008557473681596253,0.996323000907109,1
534,0.06254343552385609,0.0031236442302997594,0.934332920245844,1
535,0.1306200815282693,1.0275456957645274e-05,0.8693696430147732,1
536,0.7580770910443038,0.00016720014761582475,0.24175570880808042,1
537,0.0021008272859251004,9.98865306745132e-07,0.9978981738487681,1
538,0.1513151413462835,0.0001243605795621369,0.8485604980741543,1
539,0.30895239759739646,8.478146723116444e-07,0.6910467545879313,1
540,0.9877119733538625,6.90088624976423e-06,0.012281125759887724,1
541,0.04932019184202075,0.0008302474539932502,0.949849560703986,1
542,0.03423761957379345,8.414696249426e-07,0.9657615389565817,1
543,0.03558867065676275,0.0026274948190891036,0.9617838345241482,1
544,0.12869358077961676,0.0037023713782698394,0.8676040478421134,1
545,0.04340250379981612,0.00044617186423318657,0.9561513243359507,1
546,0.4538490851262085,0.002159779033388725,0.5439911358404028,1
547,0.5140659273316182,3.952248640886836e-07,0.4859336774435178,1
548,0.0030462951478840918,0.7612456871072147,0.23570801774490113,1
549,0.9999846567668466,1.0864337738532327e-08,1.5332368815677565e-05,1
550,0.06031785550452646,7.97740834516995e-06,0.9396741670871283,1
551,0.12551499999051172,0.003127708489602762,0.8713572915198856,1
552,0.002150024309712361,0.7623163370987857,0.23553363859150211,1
553,0.013824318631166137,0.003807759240798315,0.9823679221280356,1
554,0.9868461281354353,1.5311234400378884e-08,0.013153856553330302,1
555,0.00209185270899451,8.99412907573959e-07,0.9979072478780979,1
556,0.07976488541492394,0.0007630006006696201,0.9194721139844065,1
557,0.02553221076556934,8.703160404894166e-07,0.9744669189183902,1
558,0.942584027215241,4.798968332398981e-05,0.05736798310143498,1
559,0.029870873747557928,0.0003976971760942122,0.9697314290763478,1
560,0.010510196164996044,0.0007790874396048748,0.988710716395399,1
561,0.1272926511231746,1.0586961123770366e-06,0.8727062901807131,1
562,0.9863034869106829,9.412652419119853e-06,0.01368710043689794,1
563,0.01692150337454441,0.0014511627127235258,0.9816273339127322,1
564,0.06590028019090945,0.0022190825228681744,0.9318806372862223,1
565,0.29194613692814586,7.185642434321e-05,0.7079820066475109,1
566,0.01748727968167667,1.0943216621428647e-06,0.9825116259966611,1
567,0.010176501983472731,0.0004384246194311938,0.9893850733970961,1
568,0.9944540816669102,5.858116153729868e-09,0.005545912474973519,1
569,0.9780142078955949,0.002351951276446412,0.01963384082795878,1
570,0.007405101507423318,0.0007408221645845425,0.9918540763279922,1
571,0.01023823168761462,0.00046125514036912267,0.9893005131720163,1
572,0.008017964796932208,9.57407041290304e-07,0.9919810777960265,1
573,0.007598828760790607,8.394332509772305e-06,0.9923927769066996,1
574,0.46479601548439164,7.212543587399341e-05,0.5351318590797344,1
575,0.004401091147159446,1.0464514973874466e-06,0.9955978624013432,1
576,0.6680124243296912,0.0001371211790548499,0.3318504544912538,1
577,0.08186997003068516,1.2890213790462008e-06,0.9181287409479357,1
578,0.04377958229374652,0.0001702659626275583,0.956050151743626,1
579,0.9975995592616281,2.0343219209606286e-08,0.002400420395152585,1
580,0.8872101169239648,9.125037003699173e-08,0.11278979182566524,1
581,0.9999927189112362,2.8138047710650818e-08,7.252950716002455e-06,1
582,0.007790723400727941,0.0007523679977124974,0.9914569086015596,1
583,0.2354379010956657,9.597917733951828e-06,0.7645525009866003,1
