,topology,centrality,position,label
0,0.21459148977681178,0.22260550171517463,0.5628030085080136,2
1,0.3447497347741359,0.19352047826510665,0.46172978696075745,1
2,0.34519447510153106,0.19377012707460514,0.46103539782386377,2
3,0.3344440986062355,0.2057746735637735,0.45978122782999115,0
4,0.3446475797434928,0.19414756122542046,0.46120485903108677,2
5,0.3319454750800784,0.2111125682309327,0.4569419566889889,1
6,0.3443424539070901,0.19397567704300311,0.4616818690499069,2
7,0.32901790734845765,0.21253571689335363,0.45844637575818875,1
8,0.33213206523643124,0.21123123689814308,0.45663669786542554,1
9,0.33193004817642907,0.21110275694114644,0.4569671948824245,0
10,0.3383990616348321,0.19471279002318048,0.46688814834198744,0
11,0.32950417264613163,0.21271897598405334,0.45777685136981494,1
12,0.34423613893360644,0.1938008365004367,0.4619630245659567,1
13,0.34489341236339505,0.1941708735944418,0.4609357140421631,2
14,0.32769548075782284,0.21155133345236105,0.4607531857898161,1
15,0.24279693401249858,0.23831578997547165,0.5188872760120298,1
16,0.18235148167229606,0.20810684050879433,0.6095416778189096,2
17,0.1880614862082277,0.18821339059891748,0.6237251231928549,2
18,0.30724227103175983,0.2186558231027689,0.47410190586547135,0
19,0.19431570520440394,0.2545250072510659,0.5511592875445301,1
20,0.2097525074218968,0.16909700243738934,0.621150490140714,1
21,0.19418600644806033,0.25434362526822835,0.5514703682837114,1
22,0.3317754429094568,0.2110044302055141,0.45722012688502905,2
23,0.3457049967432881,0.19405670131183328,0.46023830194487864,0
24,0.2432827150145096,0.23924241114165745,0.517474873843833,2
25,0.3322140421985816,0.21128337307204678,0.4565025847293716,0
26,0.20758603678267698,0.21898955622423108,0.5734244069930919,2
27,0.1929619531972533,0.2081956310355118,0.598842415767235,2
28,0.20306692924691372,0.21087518380484965,0.5860578869482366,2
29,0.19321998590854772,0.20965995131619014,0.5971200627752622,0
30,0.24519603819959157,0.23273255521886285,0.5220714065815456,0
31,0.3289330281955279,0.2124808875019609,0.45858608430251124,1
32,0.32557926096965345,0.1637986305506876,0.5106221084796589,0
33,0.20738952720800985,0.20516655870262157,0.5874439140893686,1
34,0.24927937225721167,0.19559323000574227,0.555127397737046,2
35,0.18879838001801666,0.20381574197067423,0.607385878011309,2
36,0.34576667441375514,0.19409132321602385,0.46014200237022096,0
37,0.19425003943827326,0.21059221078929383,0.5951577497724329,2
38,0.20256618716148053,0.2167438347286856,0.5806899781098338,2
39,0.3437792851192177,0.1936584317781733,0.4625622831026091,0
40,0.19019068314449858,0.23500316440033986,0.5748061524551616,2
41,0.34502141342810216,0.19435809933833884,0.46062048723355903,0
42,0.33171238562970906,0.21096432667866236,0.45732328769162855,0
43,0.31711783059841403,0.2019799607028445,0.48090220869874134,0
44,0.34424148699535984,0.19391874974091708,0.46183976326372295,2
45,0.20499217031178874,0.2054990575788673,0.589508772109344,2
46,0.19751748238074984,0.23730213120050075,0.5651803864187495,0
47,0.24354591766262232,0.23871231803071316,0.5177417643066645,0
48,0.3448014408962774,0.19354950277905617,0.4616490563246664,0
49,0.31109268311726357,0.21753559625962296,0.4713717206231134,1
50,0.36052173291731804,0.14484528318008516,0.4946329839025967,0
51,0.2029303076237265,0.21257566615836837,0.5844940262179051,2
52,0.17717552752659074,0.24770128152302956,0.5751231909503797,1
53,0.21107255713224052,0.23308604002908942,0.55584140283867,1
54,0.18268564312385568,0.2149785368532558,0.6023358200228885,1
55,0.20008319239553832,0.20569269896868705,0.5942241086357746,2
56,0.19699355639968388,0.236672674251173,0.5663337693491431,0
57,0.3079594713004652,0.2192171222878808,0.472823406411654,1
58,0.18625606901106284,0.211696722399277,0.6020472085896601,2
59,0.2194870638498422,0.19792932880156716,0.5825836073485907,1
60,0.30625723903442165,0.21337684664724832,0.4803659143183299,2
61,0.3412944436251721,0.195323518145172,0.4633820382296559,0
62,0.27981297095453417,0.21297593879886179,0.5072110902466042,0
63,0.3327323622631264,0.21161301721003448,0.45565462052683914,0
64,0.19540180890788167,0.22965042853201992,0.5749477625600984,1
65,0.2001930224812698,0.21259961822662726,0.587207359292103,2
66,0.21308010450334863,0.21206244311315808,0.5748574523834933,2
67,0.25539611916870386,0.2000715877177,0.5445322931135962,1
68,0.25704801471161937,0.19364620309788713,0.5493057821904934,2
69,0.34763545903435267,0.1573852135979134,0.49497932736773387,2
70,0.2603947451965189,0.1836854765964444,0.5559197782070369,2
71,0.23499166663736623,0.24152234248636428,0.5234859908762695,2
72,0.30717553479059173,0.218610906002148,0.47421355920726016,0
73,0.32982952070968785,0.21305999482387544,0.4571104844664369,2
74,0.3283200511554647,0.21208492268746518,0.45959502615707015,0
75,0.2056987820215191,0.19277795965650626,0.6015232583219747,0
76,0.2350350623955355,0.24172591860666295,0.5232390189978015,2
77,0.3073729434557296,0.21874175018036437,0.47388530636390597,1
78,0.1940855134678182,0.20605369041363944,0.5998607961185424,1
79,0.30758784282113344,0.21878130272219015,0.4736308544566764,0
80,0.2531813911850746,0.18340939700752076,0.5634092118074047,2
81,0.32849386164295374,0.2121990679851647,0.45930707037188145,0
82,0.18966905010010887,0.23700410340278427,0.5733268464971069,2
83,0.3564216156881558,0.16758188279840927,0.47599650151343487,2
84,0.3318895110785362,0.21107697592743405,0.45703351299402967,0
85,0.3323061620781156,0.21134195999614586,0.4563518779257385,0
86,0.3293353996851079,0.21271766951985266,0.4579469307950394,2
87,0.3459801936121985,0.1942111792542848,0.4598086271335167,0
88,0.30360908921153,0.2199866644726162,0.47640424631585365,0
89,0.3051511509065675,0.20465453958530963,0.49019430950812287,2
90,0.20738511775185842,0.2036911701275244,0.5889237121206171,0
91,0.24431253706744768,0.2397334443897778,0.5159540185427746,2
92,0.3228582877586917,0.21395705278456403,0.4631846594567442,0
93,0.2522697677793179,0.23715725537532617,0.510572976845356,2
94,0.2034190371545787,0.23551963150160735,0.561061331343814,0
95,0.348464080846841,0.1642461164241309,0.4872898027290281,0
96,0.3290959509246552,0.21245543908899805,0.45844860998634684,0
97,0.33110149111754583,0.21057580651778393,0.4583227023646703,1
98,0.3545936213362806,0.15807517842395405,0.4873312002397652,1
99,0.34507353172211275,0.19438750935294327,0.46053895892494395,2
100,0.19518283974889264,0.19662105711621938,0.608196103134888,2
101,0.3288181713607988,0.16360813097330487,0.5075736976658962,1
102,0.32839376976919693,0.21213441106214595,0.4594718191686572,0
103,0.3313705982815493,0.21074695482010203,0.4578824468983488,1
104,0.3312170640184031,0.21064930922756478,0.4581336267540322,1
105,0.238799040094029,0.2403054829129536,0.5208954769930174,1
106,0.30414395854767345,0.22029190075148616,0.4755641407008404,0
107,0.34496433976774377,0.19432599911332846,0.46070966111892786,1
108,0.1997180054235453,0.20384634969748855,0.5964356448789662,2
109,0.3443963289118814,0.1933220987898331,0.46228157229828554,0
110,0.1947228721271358,0.2552763518577126,0.5500007760151516,1
111,0.18738692027764947,0.20315937722025007,0.6094537025021005,2
112,0.3395306222315243,0.19561428150465918,0.46485509626381655,2
113,0.3274890083931403,0.21154995715549563,0.4609610344513641,1
114,0.18071176678455894,0.20911528548548408,0.6101729477299569,2
115,0.19367923391213088,0.18889082416645636,0.6174299419214128,2
116,0.19100137291724778,0.25541696900863325,0.553581658074119,1
117,0.19427855625710844,0.2544689391633436,0.551252504579548,0
118,0.3446459366809951,0.19414663566251641,0.4612074276564885,0
119,0.1937759348555946,0.2547152677550998,0.5515087973893057,1
120,0.1807186748880201,0.24215204905857837,0.5771292760534015,1
121,0.18392897558213805,0.21659372668272878,0.5994772977351333,2
122,0.20049346735944557,0.19355074750132617,0.6059557851392283,2
123,0.19384340525375462,0.1956377415418569,0.6105188532043885,2
124,0.33079626664604594,0.21038168812514815,0.45882204522880593,1
125,0.30722858655331625,0.2187149269893271,0.47405648645735654,1
126,0.3288937138293082,0.21245549159850974,0.45865079457218194,1
127,0.3446334710313774,0.19345521522692546,0.4619113137416971,0
128,0.33230734986791366,0.21134271541344665,0.45634993471863977,0
129,0.3440040798624202,0.19367019001383387,0.46232573012374595,0
130,0.3085617282577586,0.21951722422647643,0.4719210475157649,0
131,0.3173164011288432,0.19654334466335183,0.4861402542078051,1
132,0.3323565829140066,0.2113740269256762,0.45626939016031715,2
133,0.2432831424974227,0.23875709755233673,0.5179597599502406,1
134,0.19880264595361227,0.20250955580600447,0.5986877982403832,1
135,0.3323978844723714,0.21140029412530056,0.45620182140232796,1
136,0.3440123603052666,0.1937897281561861,0.46219791153854733,1
137,0.18980971131495078,0.2556540928629886,0.5545361958220605,2
138,0.33928650109946124,0.1952431123240479,0.4654703865764908,1
139,0.1803507131836994,0.2539495497842037,0.5656997370320969,2
140,0.27743749057853495,0.21358831646718462,0.5089741929542805,1
141,0.25011157349034013,0.21551601897510952,0.5343724075345503,2
142,0.3171998488662291,0.20201725623753422,0.4807828948962368,2
143,0.19032407225613007,0.25675422764115813,0.5529217001027118,1
144,0.214385742209451,0.22239207041598072,0.5632221873745682,2
145,0.3394374796109223,0.19492007618326432,0.46564244420581336,1
146,0.34587665744759516,0.19415306066543397,0.4599702818869708,2
147,0.2642187735827915,0.21794623878757086,0.5178349876296376,0
148,0.2509078780916989,0.23702416107994617,0.5120679608283549,1
149,0.24407772664728283,0.2400987013111231,0.515823572041594,2
150,0.304844226886578,0.2195440567432939,0.4756117163701281,0
151,0.35265277462396205,0.1636246889089753,0.4837225364670626,2
152,0.1956211489662955,0.22384494025368368,0.5805339107800208,2
153,0.24327652817033374,0.23931482571389076,0.5174086461157755,1
154,0.34384978341369254,0.19369569549228635,0.46245452109402113,2
155,0.18161302975276897,0.23462408571507185,0.5837628845321592,2
156,0.33815169727593675,0.19457045805500034,0.46727784466906286,0
157,0.33178568284539645,0.21101094265812162,0.4572033744964821,1
158,0.34480263967343106,0.19355017569597158,0.46164718463059734,2
159,0.18679984423122817,0.202725397289223,0.6104747584795489,2
160,0.19166095534300584,0.23899031516258723,0.569348729494407,2
161,0.3284455079128059,0.2121678326481634,0.4593866594390306,0
162,0.344308593676323,0.19384162765557336,0.4618497786681037,2
163,0.2628420871632861,0.17662663998900707,0.5605312728477068,0
164,0.20249395320789798,0.21322725904874798,0.5842787877433541,2
165,0.20653019998966932,0.20121708074806313,0.5922527192622675,2
166,0.21318412593996294,0.18077631113621148,0.6060395629238257,2
167,0.2352023801943598,0.24189799811274085,0.5228996216928994,0
168,0.1881617835521847,0.1966145419485172,0.615223674499298,1
169,0.3553592702986152,0.16757409310874796,0.4770666365926368,1
170,0.17695208435951473,0.23076144050923286,0.5922864751312523,2
171,0.3298746240582076,0.15215070264199004,0.5179746732998024,2
172,0.3316014698356424,0.21089378582210408,0.45750474434225347,2
173,0.3323892073493092,0.21139477559930145,0.45621601705138926,0
174,0.33191870910684157,0.21109554545527995,0.4569857454378785,0
175,0.32856273174076195,0.17238765040015755,0.49904961785908053,2
176,0.19021423591352063,0.2568655526044314,0.552920211482048,0
177,0.27008620359087493,0.2249044733104453,0.5050093230986799,0
178,0.2007771168881382,0.19950538900454173,0.59971749410732,2
179,0.32844447828298495,0.2120348659833381,0.4595206557336769,1
180,0.3287241580079055,0.21230805603583053,0.458967785956264,2
181,0.19226153404841984,0.25512930533964023,0.5526091606119399,0
182,0.3171229462838212,0.20198321900571434,0.48089383471046454,0
183,0.34605533514651965,0.1697587570344926,0.48418590781898774,0
184,0.3362222899168915,0.14610598179283943,0.5176717282902691,2
185,0.19358863396613968,0.2548563071697368,0.5515550588641235,2
186,0.1901936282845508,0.21525582046472785,0.5945505512507214,2
187,0.3319518416798537,0.21111661729721123,0.4569315410229352,1
188,0.17316869077966698,0.2611006623698238,0.5657306468505091,0
189,0.18852463427698835,0.2063149012904066,0.6051604644326051,2
190,0.34489237417200175,0.19360054691117112,0.4615070789168271,2
191,0.22777787569742677,0.17945464022591218,0.592767484076661,2
192,0.3322863971965856,0.21132938981455332,0.4563842129888611,0
193,0.3320279998879148,0.2111650528268469,0.45680694728523824,0
194,0.17603041560703053,0.26130104722888475,0.5626685371640847,0
195,0.32874319462137763,0.21236013104240084,0.4588966743362215,0
196,0.26056766667974024,0.1878048340281822,0.5516274992920774,1
197,0.32910411117465016,0.2125914019840115,0.4583044868413384,2
198,0.3446580535501875,0.1934690142826382,0.4618729321671744,1
199,0.3453276956252132,0.1938449085663867,0.4608273958084001,1
200,0.3438421833030638,0.19357904418374466,0.4625787725131914,0
201,0.18473061504640897,0.24192181105741478,0.5733475738961764,0
202,0.33166669208158844,0.21093526623645265,0.4573980416819589,0
203,0.34032240826602805,0.19599854276395165,0.46367904897002027,0
204,0.17776027092241353,0.25934902049965614,0.5628907085779303,0
205,0.3397655304986481,0.19549904801003198,0.46473542149132,1
206,0.3282832666863226,0.2120630287505318,0.45965370456314564,0
207,0.25734128930834577,0.19341298070046048,0.5492457299911938,2
208,0.33216782985957954,0.21125398268626633,0.4565781874541542,0
209,0.19502830880882108,0.22531214237518624,0.5796595488159926,2
210,0.33933988692564077,0.195499801749584,0.4651603113247752,0
211,0.18594953475541431,0.2569973613096685,0.5570531039349172,0
212,0.3446606201641943,0.1934704550157846,0.461868924820021,0
213,0.3076898497805814,0.21889695176348045,0.4734131984559381,2
214,0.3284188246484126,0.21201830469116179,0.45956287066042567,0
215,0.21237517639793996,0.20033796715349994,0.5872868564485602,2
216,0.32939595279752215,0.2126491121787107,0.45795493502376705,0
217,0.3390992590372273,0.19513739618389528,0.46576334477887743,1
218,0.23705086446283993,0.23458513978930426,0.5283639957478558,2
219,0.25968651701993056,0.18778761420557596,0.5525258687744934,0
220,0.3316499849814157,0.2109246407600116,0.45742537425857277,1
221,0.3071711024712301,0.2116974852520097,0.4811314122767603,0
222,0.2756286811250784,0.219466420468586,0.5049048984063356,2
223,0.3429567501183064,0.1860999768697447,0.47094327301194894,2
224,0.33947220540526046,0.19494001727664534,0.46558777731809414,1
225,0.2574445368144466,0.21960334631366846,0.5229521168718849,0
226,0.3135420471339726,0.2028860545139847,0.4835718983520427,0
227,0.1938309574804332,0.2547950737772191,0.5513739687423478,2
228,0.25835434106741356,0.1912120590409077,0.5504335998916786,2
229,0.313707963064817,0.2029285435242895,0.4833634934108935,0
230,0.3657593160286958,0.14295203658539002,0.49128864738591416,2
231,0.20509371646613625,0.20732404456808995,0.5875822389657737,2
232,0.3288901020198315,0.21232254860724825,0.4587873493729203,0
233,0.3285375085525349,0.21222726283022886,0.45923522861723615,0
234,0.2084269970319849,0.18883493514639252,0.6027380678216225,2
235,0.3559356973277233,0.1673534142932924,0.47671088837898445,2
236,0.19016563122893188,0.20783754284575073,0.6019968259253173,2
237,0.3284729131182068,0.21218366693849683,0.45934341994329636,0
238,0.19558051963263753,0.19742939036976395,0.6069900899975984,1
239,0.23541775518058353,0.24165033393172186,0.5229319108876946,1
240,0.31107014615558487,0.2175198369966679,0.4714100168477472,0
241,0.331983774093911,0.2111369258552352,0.45687930005085375,1
242,0.34474954346309966,0.19352037087531196,0.4617300856615883,1
243,0.25019530461835016,0.23638458218728245,0.5134201131943673,1
244,0.2509623572474508,0.19023760862893088,0.5588000341236183,2
245,0.19446299048115495,0.23280473789942413,0.5727322716194209,2
246,0.34967400778720986,0.16898649952341407,0.48133949268937615,2
247,0.30351116671094286,0.2198383025012212,0.4766505307878358,1
248,0.33217597646849467,0.2112591638128656,0.4565648597186397,0
249,0.3449390440347421,0.1936267443908124,0.46143421157444536,0
250,0.25219556736012466,0.23708414715578166,0.5107202854840937,0
251,0.19060729019142156,0.23922731668377697,0.5701653931248015,2
252,0.3445575740393997,0.19341261150397832,0.4620298144566219,0
253,0.20577624888267693,0.20258785088844686,0.591635900228876,2
254,0.2546260241433707,0.17834833095770541,0.5670256448989239,2
255,0.19814973178274758,0.22339064025256347,0.578459627964689,2
256,0.2478824737830785,0.22204239214944008,0.5300751340674814,0
257,0.33190680596898997,0.21108797523007583,0.45700521880093414,0
258,0.2438967889179049,0.23332974141445734,0.5227734696676377,2
259,0.33212463607292747,0.2112265120565506,0.4566488518705219,1
260,0.33185964497235426,0.21105798151162644,0.45708237351601927,0
261,0.19197303231607737,0.2555243550930989,0.5525026125908236,2
262,0.3318328137324683,0.2110409172273196,0.45712626904021203,2
263,0.18572513741587146,0.20678632170212385,0.6074885408820047,2
264,0.3318739590261512,0.21106708504484417,0.4570589559290047,0
265,0.3285890615510079,0.2121282050280952,0.4592827334208968,0
266,0.3316699543255069,0.21093734097686492,0.45739270469762816,1
267,0.25814959702369134,0.23437564468050093,0.5074747582958078,1
268,0.19307602581279482,0.1999713168771959,0.6069526573100092,2
269,0.3319603191791007,0.2111220088653228,0.4569176719555766,2
270,0.33225682376466703,0.21131058153538573,0.4564325946999472,0
271,0.33200180434769494,0.21114839283842354,0.45684980281388154,0
272,0.2347584359748618,0.24142878596838538,0.5238127780567529,1
273,0.2351545751845289,0.24184883362372567,0.5229965911917455,2
274,0.19147049215861053,0.20878374090795096,0.5997457669334385,2
275,0.2538361600965369,0.2369978577950223,0.5091659821084408,2
276,0.28416719593637146,0.17257210444863266,0.5432606996149959,2
277,0.3293519492101287,0.212620704653626,0.45802734613624513,0
278,0.328347919223221,0.21210292462482705,0.4595491561519519,1
279,0.33179817423470315,0.20386479637775293,0.4643370293875439,1
280,0.3292918601949987,0.21258191281173905,0.4581262269932624,0
281,0.3293164465564709,0.21273043788987095,0.4579531155536581,1
282,0.30906075646215125,0.21974784785832807,0.4711913956795206,0
283,0.30350659315871864,0.2199123960654134,0.476581010775868,2
284,0.33989560127155505,0.19559063728405,0.4645137614443948,2
285,0.30411830003079504,0.21989105617246188,0.47599064379674305,1
286,0.3075683147860735,0.2188841846059176,0.4735475006080088,2
287,0.3317229494745108,0.20541360303069806,0.46286344749479114,2
288,0.33213213067602393,0.21123127851678686,0.45663659080718927,0
289,0.303698625240067,0.22003619158101087,0.4762651831789221,1
290,0.32861708686872626,0.21227866849255445,0.4591042446387192,0
291,0.32982827598870557,0.21306106729029126,0.45711065672100315,0
292,0.1957175225420647,0.22311269221591748,0.5811697852420178,2
293,0.3320649481026881,0.21118855136229295,0.45674650053501886,0
294,0.3316121143701635,0.210900555593615,0.4574873300362215,1
295,0.3571914444152655,0.14878303468733464,0.49402552089739976,1
296,0.3322050753139016,0.21127767026180855,0.45651725442429,0
297,0.3320110158492364,0.21115425122148246,0.45683473292928106,1
298,0.3313943428720267,0.2107620560395901,0.45784360108838307,1
299,0.30339612510749625,0.21983322252063453,0.4767706523718691,2
300,0.2535134120602088,0.2360619886968791,0.5104245992429122,0
301,0.19426314598497013,0.2053099310850046,0.6004269229300253,2
302,0.17874674075750843,0.21604065458567287,0.6052126046568187,2
303,0.32795151042881526,0.21184867847692318,0.4601998110942617,0
304,0.32864001634821943,0.21229346927975298,0.4590665143720276,2
305,0.3286391754218469,0.21227925039246406,0.4590815741856892,1
306,0.36086807127479026,0.1542696441918028,0.4848622845334069,1
307,0.3317041192582105,0.21095906938477513,0.4573368113570144,1
308,0.3284133622960879,0.21201477834433702,0.4595718593595751,2
309,0.30755040702264347,0.21881456734899965,0.47363502562835674,1
310,0.2105027120804367,0.19225700498234602,0.5972402829372173,2
311,0.3280680844937145,0.21188432784603586,0.4600475876602497,0
312,0.2037920532849274,0.20506763545343243,0.5911403112616402,2
313,0.3315702861094909,0.21087395341886594,0.4575557604716432,1
314,0.3318742333293279,0.2110672594977362,0.45705850717293584,1
315,0.30768899932349847,0.218984936964777,0.4733260637117245,1
316,0.3279588124890465,0.21172133329108897,0.46031985421986454,1
317,0.3317724444339041,0.21100252321800492,0.4572250323480911,2
318,0.3319482616192499,0.21111434042993868,0.45693739795081134,0
319,0.3317845890841653,0.21101024704164278,0.45720516387419197,0
320,0.3274211852262817,0.21150614437164994,0.46107267040206845,0
321,0.2512820325730099,0.21200212691585255,0.5367158405111375,1
322,0.34411799659166037,0.19384923539948837,0.4620327680088513,1
323,0.20542905769276348,0.20370205204317152,0.590868890264065,2
324,0.33270310055178254,0.2115944071806881,0.45570249226752935,0
325,0.32843213461825427,0.21202689724746349,0.4595409681342823,1
326,0.328376940348015,0.21199126532040413,0.45963179433158075,2
327,0.3332926911634079,0.21196937836592583,0.45473793047066635,0
328,0.3288120232935072,0.2122623544328146,0.45892562227367817,2
329,0.3328686943320246,0.21169972245338925,0.45543158321458604,2
330,0.2346330867590751,0.24131223212263878,0.524054681118286,1
331,0.32828776587815023,0.21193369669612472,0.459778537425725,1
332,0.30334677165753293,0.21979669842303454,0.47685652991943245,1
333,0.33168994982712524,0.21095005782953083,0.4573599923433439,1
334,0.33149177048729134,0.21082401860759975,0.45768421090510897,1
335,0.32879322089762275,0.21239057617353913,0.45881620292883807,0
336,0.33210761881848444,0.21121568932643556,0.45667669185508,1
337,0.3393189912233871,0.19548718968813172,0.4651938190884811,2
338,0.33125459170873117,0.21067317630116483,0.45807223199010383,0
339,0.34439553075512624,0.1940055764315339,0.46159889281334,0
340,0.3456928030925569,0.19404985657525112,0.46025734033219207,0
341,0.33172989600328295,0.21097546302548245,0.4572946409712347,0
342,0.32819638232036735,0.2120068597475434,0.45979675793208935,1
343,0.32670284419319817,0.17012294213609613,0.5031742136707058,2
344,0.3315654450833356,0.21087087459556136,0.457563680321103,2
345,0.36096476010596,0.14355621629374513,0.495479023600295,2
346,0.3316852972825501,0.21094709887781193,0.457367603839638,2
347,0.33198638118540813,0.2111385839280902,0.4568750348865017,1
348,0.33232324249305095,0.21135282289542948,0.45632393461151965,1
349,0.3283039707806975,0.21194415814263112,0.4597518710766714,2
350,0.30746776445790935,0.21882921211095588,0.47370302343113485,0
351,0.32877099716029756,0.21224565773345044,0.458983345106252,1
352,0.3317023197861728,0.21095792494633012,0.45733975526749693,0
353,0.33177739739181095,0.21100567322830047,0.4572169293798885,1
354,0.3287650330236821,0.21237422701597358,0.4588607399603444,0
355,0.24409453145614918,0.2388011256313604,0.5171043429124905,0
356,0.32831329188659,0.21195017559632393,0.4597365325170861,1
357,0.23518509053275233,0.24184520781020225,0.5229697016570454,1
358,0.3320236273308008,0.2111622719431435,0.4568141007260556,0
359,0.25787861067114454,0.19216090418910936,0.549960485139746,2
360,0.35616026256248046,0.16555024141746766,0.4782894960200518,2
361,0.3308873871796899,0.2104396394795732,0.45867297334073687,0
362,0.34474592333084675,0.19408783902993892,0.4611662376392143,0
363,0.30360517983957236,0.21990566067181974,0.4764891594886079,1
364,0.3286614981579013,0.21230735710719298,0.45903114473490564,0
365,0.3441358651404921,0.19385930114614433,0.46200483371336354,0
366,0.2427468353471142,0.2390126230671245,0.5182405415857613,0
367,0.1756569543084267,0.2603491298272623,0.563993915864311,2
368,0.24346963584938325,0.23900654732988974,0.517523816820727,1
369,0.3285324810985692,0.2122239713623265,0.45924354753910435,1
370,0.3194609838934859,0.21496787480369925,0.4655711413028148,1
371,0.3319390302287126,0.2111084693977633,0.45695250037352414,1
372,0.18518779216115644,0.2570608940138133,0.5577513138250303,1
373,0.2600222674370036,0.1856059136564574,0.554371818906539,1
374,0.3298380493895357,0.21302746806597195,0.4571344825444923,0
375,0.24882745413924845,0.22289048082434318,0.5282820650364083,0
376,0.3322522762502051,0.21130768938131467,0.4564400343684803,0
377,0.32268493678298604,0.17088548812240736,0.5064295750946066,1
378,0.3314704481625279,0.2108104579144155,0.45771909392305665,2
379,0.18297367250727284,0.23391392502795397,0.5831124024647731,2
380,0.19660714526663534,0.20037617525776721,0.6030166794755975,2
381,0.2590281412712047,0.2342069330470168,0.5067649256817784,1
382,0.30599378622132734,0.21321029124032,0.4807959225383527,1
383,0.30368843423673464,0.21987682409177095,0.4764347416714944,0
384,0.3045731965265565,0.2194151768335264,0.476011626639917,2
385,0.23682185314215148,0.2403322631637874,0.5228458836940612,1
386,0.3280365161654774,0.21190363389826172,0.4600598499362609,0
387,0.3332013994819695,0.2119113181639546,0.454887282354076,2
388,0.3315231736582205,0.21084399057457368,0.4576328357672059,0
389,0.32841701284491104,0.21214755703567967,0.45943543011940935,1
390,0.2011509802073039,0.2039369749032565,0.5949120448894395,1
391,0.2504356614549616,0.2366311743428086,0.5129331642022299,1
392,0.3326906435223144,0.21158648468834831,0.4557228717893372,1
393,0.344471023014694,0.19393307343388716,0.46159590355141883,0
394,0.3321503399193916,0.211242859334787,0.4566068007458214,0
395,0.31359554220447,0.20287800442874487,0.4835264533667851,2
396,0.3286908350729019,0.2121939072593772,0.4591152576677209,1
397,0.3278290126641834,0.21176958340918453,0.4604014039266321,0
398,0.3320537559462174,0.21118143331106481,0.4567648107427178,2
399,0.18951993002582115,0.20132420605260248,0.6091558639215764,2
400,0.3320497181982718,0.21117886536119757,0.45677141644053065,0
401,0.19060761619869018,0.19639833554111755,0.6129940482601923,1
402,0.23701556308257749,0.2346606011287668,0.5283238357886556,2
403,0.3242941695819643,0.1760144224210275,0.49969140799700823,2
404,0.31951248237355806,0.18003855801370822,0.5004489596127337,1
405,0.32860249287690757,0.21213687592858346,0.4592606311945089,1
406,0.30827536450089205,0.21918941981593423,0.47253521568317364,0
407,0.33204027862255087,0.2111728619262269,0.4567868594512222,2
408,0.3320161899855909,0.2111575418981031,0.45682626811630606,0
409,0.3283255030012277,0.21195805876144594,0.45971643823732644,1
410,0.308085338043615,0.21926350674298556,0.47265115521339934,0
411,0.3285626345881356,0.21224349363178732,0.459193871780077,1
412,0.3281720943912964,0.21185902231480658,0.45996888329389707,1
413,0.1864977200412127,0.20248887263631454,0.6110134073224728,2
414,0.30660442257412374,0.22073220646700467,0.47266337095887156,1
415,0.3077058107578334,0.21878445669247104,0.47350973254969553,0
416,0.2072854457206917,0.20366267267619964,0.5890518816031086,2
417,0.1924290919545604,0.25577921230680256,0.551791695738637,2
418,0.2570669594264045,0.23449896493109718,0.5084340756424984,1
419,0.24367460232780047,0.2388384487210343,0.5174869489511652,1
420,0.3319889818602998,0.21114023792007605,0.4568707802196241,1
421,0.32841286365417144,0.21214674524868696,0.4594403910971417,2
422,0.1972227241754518,0.23699869023480416,0.565778585589744,2
423,0.338909537728829,0.19522184145325527,0.46586862081791575,1
424,0.3084987427315783,0.21824367710456885,0.47325758016385294,2
425,0.343912411366629,0.19305045839289564,0.4630371302404754,0
426,0.2380663997923677,0.24084501045478435,0.521088589752848,1
427,0.19489586259717998,0.254049308146638,0.551054829256182,1
428,0.33270824420110107,0.21159767846799044,0.4556940773309084,2
429,0.3036210792785566,0.21999544303034937,0.4763834776910941,0
430,0.33288820123085533,0.2117121285616797,0.4553996702074649,2
431,0.3048063948671452,0.22077632492361918,0.47441728020923546,1
432,0.33187140980095214,0.21106546377412605,0.45706312642492186,0
433,0.3316096764091674,0.21089900508533643,0.4574913185054962,0
434,0.3317299442254443,0.21097549369408644,0.4572945620804693,0
435,0.3284684662407146,0.21218266236918243,0.4593488713901029,1
436,0.3281906694855364,0.21200134600255863,0.45980798451190497,0
437,0.35846149821342127,0.16091558691333654,0.4806229148732423,1
438,0.30776183977334115,0.21903677814646488,0.473201382080194,1
439,0.3323060026155297,0.21134185858022497,0.45635213880424524,0
440,0.3282226102039502,0.21202380232075801,0.45975358747529166,1
441,0.20809009934310269,0.19866562874349494,0.5932442719134023,1
442,0.3330823365978021,0.21183559587476994,0.45508206752742797,0
443,0.3312505090804063,0.21067057980801912,0.45807891111157456,2
444,0.3451500440740824,0.1937451863340784,0.4611047695918391,2
445,0.30789172940708465,0.21904057312406877,0.4730676974688466,0
446,0.33225874122578825,0.21131180101319813,0.4564294577610136,0
447,0.33045326294076904,0.2113083870879856,0.45823834997124524,0
448,0.19883938458372968,0.19509507853792687,0.6060655368783435,2
449,0.33183043839885534,0.2110394065491598,0.4571301550519848,0
450,0.25111007242415173,0.2366561619959825,0.5122337655798658,1
451,0.34389006534378136,0.19368294124403473,0.46242699341218374,1
452,0.3318852125696877,0.21107424213736703,0.4570405452929452,0
453,0.3316457953530329,0.21092197621636147,0.4574322284306056,1
454,0.25167596033141365,0.1890312843158667,0.5592927553527197,1
455,0.2570079968028348,0.22006639790616073,0.5229256052910044,2
456,0.3320876395963445,0.21120298282728475,0.4567093775763707,0
457,0.34445613990429,0.19335567286020622,0.46218818723550376,2
458,0.3034965309482517,0.2199052101465095,0.4765982589052388,2
459,0.3557521311821731,0.16726710538570852,0.47698076343211837,1
460,0.32827349791399213,0.2120563527990653,0.4596701492869427,1
461,0.33065588865448636,0.21143795613011618,0.45790615521539757,1
462,0.3167773678422387,0.20180596673616064,0.4814166654216008,1
463,0.3286448545279481,0.212164223463997,0.45919092200805495,1
464,0.32045267983245423,0.20105638282882327,0.4784909373387225,2
465,0.32798103070038,0.2117356767670003,0.46028329253261974,0
466,0.19090328210646704,0.20555578627481222,0.6035409316187207,2
467,0.3317498394081162,0.21098814674533917,0.4572620138465446,0
468,0.32844853919113676,0.21216979078045148,0.45938167002841174,2
469,0.2575744703390377,0.19287579446525208,0.5495497351957102,2
470,0.3283930496420976,0.21213394587750523,0.4594730044803972,0
471,0.3397292242945078,0.19508760893779614,0.4651831667676961,0
472,0.33166734135580744,0.21093567916555747,0.45739697947863495,0
473,0.3549768379160638,0.15901731990431622,0.4860058421796198,2
474,0.20865742699282255,0.20566900483976183,0.5856735681674157,2
475,0.2616298405426884,0.15601921541072905,0.5823509440465825,0
476,0.332944443351993,0.211747897745258,0.45530765890274894,0
477,0.21539557179334629,0.19989222463916087,0.5847122035674928,1
478,0.2725037953740766,0.17545723787316655,0.5520389667527569,2
479,0.18111643382002848,0.20976554470853348,0.609118021471438,2
480,0.3313743665282474,0.2107493513710355,0.457876282100717,1
481,0.3435497053787118,0.19352665707350208,0.46292363754778604,1
482,0.3489600517762709,0.16864146693759002,0.48239848128613905,0
483,0.19822922538927998,0.19330802665865326,0.6084627479520667,2
484,0.3322660101430901,0.21131642394050107,0.4564175659164088,0
485,0.3324545657732539,0.21143634262090688,0.4561090916058393,1
486,0.33202576924191013,0.21116363416793385,0.45681059659015616,0
487,0.33084472475274146,0.21155870740063226,0.4575965678466262,1
488,0.33275290087329545,0.21162607947196058,0.45562101965474394,0
489,0.33138776221966965,0.2107578708389351,0.4578543669413952,0
490,0.33174128236232486,0.21098270458676466,0.4572760130509104,2
491,0.2474444729425896,0.22164730274737238,0.5309082243100379,2
492,0.3318960516020743,0.21108113560673494,0.4570228127911909,0
493,0.32806834674315244,0.21191053268295718,0.46002112057389033,1
494,0.34043670764432343,0.19491952531284595,0.46464376704283056,0
495,0.34389131931776534,0.1937215431060962,0.46238713757613836,0
496,0.3277247368498439,0.21170223202163735,0.4605730311285189,2
497,0.30469818707785423,0.21949822469721736,0.4758035882249284,0
498,0.26931790027453456,0.23196517393877958,0.4987169257866858,1
499,0.3290727389230089,0.16280780581275586,0.5081194552642352,2
500,0.3194224595172667,0.2004332120009807,0.48014432848175265,1
501,0.31061134262873763,0.2171990126758299,0.4721896446954325,1
502,0.32850312621201533,0.2121653016024724,0.4593315721855122,0
503,0.3481841325179602,0.18312158495934605,0.4686942825226937,0
504,0.3333996236509994,0.21203738589661233,0.45456299045238824,0
505,0.34982700258077903,0.18333702304178315,0.46683597437743773,0
506,0.328167463307706,0.2118560326125787,0.4599765040797152,0
507,0.3314653154697272,0.2108071935953015,0.4577274909349713,1
508,0.3136030841576616,0.20292555498538414,0.48347136085695425,2
509,0.3036386643244773,0.22000896736749567,0.4763523683080271,1
510,0.235318823634457,0.2418494437864123,0.5228317325791307,0
511,0.33397111855804434,0.20557223098180097,0.46045665046015455,0
512,0.3290464156798253,0.2125556380702727,0.458397946249902,0
513,0.1755615810326439,0.24374407001746692,0.5806943489498891,2
514,0.3391684752923888,0.19517221753069372,0.4656593071769175,2
515,0.3136596336214001,0.20296211885546814,0.48337824752313174,0
516,0.3317934983655528,0.21101591321701194,0.4571905884174353,0
517,0.24288825363446817,0.23923017482739886,0.517881571538133,0
518,0.3322938069991295,0.21133410234285263,0.45637209065801787,2
519,0.33201102248724784,0.20399557538303312,0.46399340212971907,1
520,0.3268980634522374,0.17674648181256125,0.4963554547352014,2
521,0.3289220785033794,0.21212772283487374,0.45895019866174674,2
522,0.24355058068530736,0.2390555270850992,0.5173938922295934,1
523,0.19453774364190998,0.20768666580087175,0.5977755905572183,2
524,0.34388380281347153,0.18451371143675466,0.47160248574977376,1
525,0.33195360488127856,0.21111773866806602,0.4569286564506555,2
526,0.3379961997728648,0.1404734562615762,0.521530343965559,2
527,0.338936458749533,0.19526503329544556,0.46579850795502137,2
528,0.33288825036687325,0.21171215981148342,0.45539958982164336,0
529,0.3312971548201283,0.21070024583045052,0.4580025993494211,0
530,0.32815731297224865,0.21194195648195788,0.4599007305457934,0
531,0.30787831714121594,0.21838986727071127,0.47373181558807287,2
532,0.3161395701586176,0.1967832564856698,0.48707717335571254,2
533,0.33136414663205366,0.21074285166341936,0.4578930017045269,2
534,0.3285060044071595,0.21220504292036105,0.4592889526724794,1
535,0.3319220103427892,0.21109764499406436,0.4569803446631464,1
536,0.3079635801652567,0.21916484475065434,0.472871575084089,0
537,0.34405727361405936,0.19381450410254508,0.4621282222833957,2
538,0.32881774201338815,0.21240828684971558,0.45877397113689633,0
539,0.3390167561516685,0.19531814284748847,0.4656651010008431,2
540,0.33290438982194964,0.2117224242737726,0.45537318590427783,1
541,0.33216468011646905,0.2112519794947568,0.456583340388774,1
542,0.3290211537276895,0.21253968587591737,0.45843916039639315,0
543,0.31448055713090495,0.2024884425110245,0.48303100035807073,0
544,0.33225677581443275,0.21131055103972346,0.4564326731458437,0
545,0.2352321107199287,0.24192707192843174,0.5228408173516396,2
546,0.3316096351213415,0.21089897882687048,0.4574913860517881,1
547,0.31116031972016805,0.20942055664705203,0.4794191236327799,1
548,0.19156036280704988,0.23862596639946748,0.5698136707934827,2
549,0.32871187557984555,0.2122074904412085,0.45908063397894594,0
550,0.30759763483437524,0.21890165165009948,0.4735007135155253,1
551,0.33219786968363507,0.2112730875841537,0.45652904273221123,0
552,0.3328618587316117,0.21169537510942193,0.4554427661589663,1
553,0.19991802074801937,0.20554617403526423,0.5945358052167163,2
554,0.3321337472806005,0.2112323066541455,0.45663394606525404,0
555,0.3289950757031568,0.2123903167761394,0.45861460752070393,0
556,0.2611808673155003,0.15763718280059164,0.5811819498839081,2
557,0.33919760525622483,0.19520336073513056,0.4655990340086445,1
558,0.3109760334322549,0.2174540274534152,0.47156993911433004,1
559,0.3318626895814203,0.21105991783938943,0.4570773925791902,0
560,0.3322166217640444,0.20399461588253417,0.4637887623534215,1
561,0.3320992648002387,0.21121037629047237,0.4566903589092889,0
562,0.3323372461941961,0.21136172904880535,0.4563010247569985,0
563,0.3320036780555335,0.21114958448977478,0.45684673745469173,0
564,0.33129068182288013,0.21069612909690302,0.4580131890802169,0
565,0.3320648531290035,0.21118849096038975,0.45674665591060676,0
566,0.33279651559154916,0.21165381780814657,0.4555496666003044,0
567,0.33253897944926475,0.21149002850992882,0.4559709920408063,2
568,0.3046378063052317,0.21931639013708357,0.47604580355768483,0
569,0.332243827329738,0.20304004031783993,0.46471613235242204,0
570,0.3322119454734129,0.21128203958486752,0.4565060149417196,1
571,0.33211468506282316,0.21122018335663656,0.45666513158054034,0
572,0.3079399404572337,0.21917910658387912,0.47288095295888716,0
573,0.33270853311675447,0.21159786221420837,0.45569360466903724,2
574,0.32890145711206925,0.21246236477320424,0.4586361781147266,0
575,0.333241263891805,0.21193667135769628,0.4548220647504987,1
576,0.33205110813396155,0.21117974934039044,0.45676914252564815,1
577,0.33226204379667046,0.21131390140098183,0.45642405480234777,0
578,0.3315989160711958,0.21089216166448949,0.45750892226431467,1
579,0.2351753396344853,0.24170521287105007,0.5231194474944646,2
580,0.33228603168221577,0.2113291573526488,0.4563848109651354,2
581,0.344972091281507,0.1936452950040666,0.4613826137144264,0
582,0.3312862187287182,0.21069329063293377,0.4580204906383481,0
583,0.3451127453663217,0.1937242492222072,0.46116300541147104,0
584,0.3321250858062009,0.21122679808047173,0.4566481161133273,2
585,0.33987649679778087,0.19580908112415732,0.46431442207806173,1
586,0.2572696665759806,0.1945185503174925,0.548211783106527,2
587,0.33188785283314587,0.21107592130711422,0.45703622585973985,1
588,0.3281784062876643,0.21199342434391047,0.4598281693684253,2
589,0.19562590244016428,0.2549896442361171,0.5493844533237187,0
590,0.3320037505951433,0.21114963062392772,0.456846618780929,1
591,0.332820347818644,0.21166897476326835,0.45551067741808765,0
592,0.2714059629236885,0.22204507359828943,0.5065489634780221,0
593,0.33306918944563524,0.21182723447427726,0.4551035760800875,0
594,0.30823698752762596,0.21935831277677895,0.472404699695595,0
595,0.19009865703267456,0.2391042307353232,0.5707971122320022,2
596,0.25822619194121277,0.2195339496160018,0.5222398584427855,2
597,0.32842310249610374,0.21215331545238528,0.45942358205151107,0
598,0.3324289708083077,0.2114200645897565,0.4561509646019358,2
599,0.3323527686924532,0.21137160113539322,0.4562756301721536,1
600,0.34562482735413524,0.19401169933803555,0.46036347330782923,0
601,0.3284932107923547,0.21206632637246464,0.45944046283518064,2
602,0.3312371357682974,0.21066207457304223,0.45810078965866047,0
603,0.33235024917801514,0.2113699987602935,0.4562797520616914,0
604,0.21277694185528198,0.2485890686054276,0.5386339895392904,1
605,0.3274340909407008,0.2115144818130782,0.461051427246221,1
606,0.34462398846298686,0.19413399260036696,0.4612420189366463,1
607,0.3077509908295319,0.21881658054939637,0.4734324286210716,0
608,0.33165143173272416,0.21092556087312433,0.4574230073941516,1
609,0.3315267914449673,0.21084629143513292,0.45762691711989995,0
610,0.2522992108759283,0.23718493464915807,0.5105158544749137,1
611,0.32827739256465627,0.21205857806376577,0.459664029371578,1
612,0.3444667199432166,0.194045628380764,0.4614876516760194,0
613,0.3319501998057009,0.21111557308876397,0.45693422710553516,2
614,0.3325522162466206,0.21149844692347783,0.45594933682990146,0
615,0.33216718915514376,0.21125357520742097,0.4565792356374353,0
616,0.25565943193833623,0.17515483513195745,0.5691857329297064,2
617,0.33289600425215193,0.21171709117147428,0.4553869045763739,0
618,0.23492889558415603,0.24160558611240332,0.5234655183034407,1
619,0.32814547036998953,0.21184183456721753,0.46001269506279285,0
620,0.34952639288405135,0.1829760223962521,0.4674975847196966,2
621,0.34484063462802306,0.19414116035952297,0.461018205012454,0
622,0.2536404041938348,0.1805685285042303,0.5657910673019348,2
