,topology,centrality,position,label
0,0.01091093889625588,0.9863579077540104,0.0027311533497337173,2
1,0.01048015768172242,0.03667339542377536,0.9528464468945023,1
2,0.2218640736590066,0.7763727560909301,0.0017631702500632452,2
3,0.0022112477510755077,0.006578319430539704,0.9912104328183848,0
4,0.49204197416537204,0.05013020975720324,0.4578278160774246,2
5,0.9526043715150698,0.043138156777119255,0.00425747170781071,1
6,0.8684376421605311,0.1308698270351571,0.0006925308043116723,2
7,0.11951599326979227,0.00015401434152081142,0.8803299923886869,1
8,0.8782725808034794,0.039772083161331864,0.08195533603518868,1
9,0.9555744334986453,0.04327265437477511,0.001152912126579498,0
10,0.8406790338406441,0.09628162586421815,0.06303934029513775,0
11,0.8914824629321445,0.0011680790017975073,0.10734945806605801,1
12,0.897737472108798,0.10105271316984599,0.0012098147213561706,1
13,0.49407924417430277,0.05561542176404691,0.45030533406165024,2
14,0.4424183557506911,0.0005796856504192349,0.5570019585988896,1
15,0.9179559941947978,0.0012646777785068264,0.08077932802669541,1
16,0.45837848563382555,0.3059274973093956,0.2356940170567788,2
17,0.21373454782780726,0.7091652648416576,0.07710018733053492,2
18,0.07744644957948599,0.0001139386806677702,0.9224396117398462,0
19,0.28964086556755164,0.008761040935012497,0.7015980934974358,1
20,0.24216030518284626,0.4922442497374796,0.2655954450796742,1
21,0.10169073986752293,0.002849091861619098,0.8954601682708581,1
22,0.93451585172519,0.04231902826386162,0.02316512001094823,2
23,0.007878424474913133,0.027569105814956918,0.96455246971013,0
24,0.9984616857266797,0.0013701473518082238,0.00016816692151212502,2
25,0.05428188846452587,0.002458124993712328,0.9432599865417617,0
26,0.021552423163380095,0.9779553890299639,0.0004921878066561097,2
27,0.0018381173636870512,0.9975864646916539,0.0005754179446590311,2
28,0.009624910866366694,0.9890765115482313,0.001298577585401889,2
29,0.0021032765388325166,0.9967901381197528,0.0011065853414147981,0
30,0.6146017229033417,0.05634575972821493,0.3290525173684435,0
31,0.8777760167154576,0.0011311464810572877,0.1210928368034851,1
32,0.01519401313908739,0.9846241778041493,0.00018180905676325868,0
33,0.0011732529625132048,0.9984802666618819,0.00034648037560471744,1
34,0.0017245537781935814,0.9978898365929186,0.00038560962888800366,2
35,0.051129521447100465,0.9477856141066223,0.001084864446277123,2
36,0.21647664010838755,0.757520417517271,0.02600294237434148,0
37,0.004853650739152813,0.9937812716045291,0.0013650776563179652,2
38,0.38408143520404797,0.5069234196865137,0.10899514510943847,2
39,0.8755300888667409,0.08834489671860697,0.0361250144146522,0
40,0.012948927191663864,0.9770371440569566,0.010013928751379578,2
41,0.49755065272204624,0.05160688640582762,0.4508424608721261,0
42,0.05529892124838242,0.0025041807551484186,0.9421968979964692,0
43,0.8829464711473984,0.10336184795401374,0.013691680898587936,0
44,0.8995956546139848,0.09330774767323095,0.007096597712784431,2
45,0.003768568965249128,0.9959541400124994,0.0002772910222513383,2
46,0.8764980594402516,0.08067010198048163,0.04283183857926658,0
47,0.9956220823526948,0.001389380569798587,0.002988537077506783,0
48,0.18828531399922926,0.6588700268151488,0.15284465918562193,0
49,0.9982093680664591,0.0014648046747283664,0.0003258272588124916,1
50,0.8011875702131892,0.11340869948381022,0.0854037303030005,0
51,0.013076213415166156,0.9859103874992738,0.0010133990855598813,2
52,0.12319862177196204,0.6550306533524024,0.2217707248756356,1
53,0.26663877266483915,0.6039057651806612,0.12945546215449977,1
54,0.0022251114455254287,0.9976147104119505,0.00016017814252407308,1
55,0.0013230690415710897,0.997418360015309,0.0012585709431199806,2
56,0.84558234408282,0.07791654872003884,0.07650110719714114,0
57,0.9976967869437176,0.0013325062181576053,0.000970706838124836,1
58,0.001916238574481003,0.9973210977388479,0.0007626636866711578,2
59,0.0017722012095404346,0.9973351839160206,0.0008926148744390619,1
60,0.7607600901376792,0.0774145116564755,0.16182539820584516,2
61,0.21236312996453327,0.0304864198974385,0.7571504501380283,0
62,0.893826825983557,0.0877643457432579,0.018408828273185164,0
63,0.025029715819240253,0.0011334566976423394,0.9738368274831175,0
64,0.006594840163147978,0.9826151224482673,0.0107900373885846,1
65,0.006092691581490882,0.9924167377447545,0.0014905706737545863,2
66,0.01245667795046206,0.9850440767142314,0.002499245335306639,2
67,0.0024158083716198336,0.9964674021215627,0.0011167895068174057,1
68,0.0013605229636415937,0.9984395240697498,0.00019995296660863765,2
69,0.011547630110642637,0.9883996930170945,5.26768722629525e-05,2
70,0.0012729888251610947,0.9977760994162843,0.0009509117585547095,2
71,0.9403094950144378,0.027194164473985205,0.03249634051157702,2
72,0.6356959567252661,0.0009366994345054542,0.3633673438402283,0
73,0.6903728147118767,0.000889649255741852,0.3087375360323814,2
74,0.9948932508411902,0.0012820696604672224,0.0038246794983426893,0
75,0.0008990053470045819,0.9986553335340091,0.00044566111898642144,0
76,0.3453814891391651,0.008655315590535898,0.6459631952702989,2
77,0.9758336275667826,0.0014390287096360018,0.02272734372358143,1
78,0.1443949535417619,0.7919130444523617,0.06369200200587642,1
79,0.9740764889589666,0.0014281516938618732,0.02449535934717151,0
80,0.002637183171434772,0.9965008392771654,0.0008619775513997504,2
81,0.9465311077789161,0.0031802982801739724,0.05028859394090975,0
82,0.03862944860701287,0.9544401055815276,0.006930445811459659,2
83,0.0006498697005507992,0.99907725126101,0.0002728790384392481,2
84,0.009065263894246665,0.00041051541100321835,0.9905242206947501,0
85,0.9346464711155598,0.042324943289982,0.023028585594458275,0
86,0.5687693961757384,0.0011293335073553768,0.43010127031690615,2
87,0.21249935202922218,0.7436026251642148,0.04389802280656297,0
88,0.7589114646942008,0.023911418041504626,0.21717711726429467,0
89,0.9071832492789218,0.09215832976655629,0.0006584209545219954,2
90,0.0021317149087439124,0.9966878128016265,0.0011804722896296038,0
91,0.9983355982298091,0.001385533579090581,0.00027886819110025827,2
92,0.715465326929565,0.0012363893682369922,0.283298283702198,0
93,0.7712711833046768,0.0011056561399445713,0.2276231605553786,2
94,0.2800819650287539,0.6520981872223309,0.06781984774891518,0
95,0.147202142423154,0.04042162980023851,0.8123762277766075,0
96,0.9984596433333269,0.0013082475449757215,0.0002321091216973787,0
97,0.0075586945129843194,0.00034229125824068317,0.9920990142287751,1
98,0.6616207986081768,0.2828535172363792,0.05552568415544404,1
99,0.3540156875507268,0.06102740239238934,0.5849569100568837,2
100,0.009915554069820023,0.989479524764175,0.0006049211660049197,2
101,0.0009987384180584356,0.9986548919939445,0.00034636958799715614,1
102,0.9904450198282313,0.0012897644975735187,0.008265215674195215,0
103,0.8842546881423314,0.040042979550176404,0.07570233230749213,1
104,0.28878337698722023,0.01307739389363443,0.6981392291191453,1
105,0.9874214949583899,0.001283288373667362,0.011295216667942618,1
106,0.40459404251678055,0.000596559342758371,0.5948093981404612,0
107,0.907494225507905,0.09245730703224946,4.846745984560376e-05,1
108,0.17818879977816574,0.8122481937387078,0.00956300648312642,2
109,0.003534383716520815,0.012367929524703275,0.984097686758776,0
110,0.9672334104295127,0.001193412341760767,0.03157317722872655,1
111,0.0067001949527122255,0.992989176324388,0.0003106287228996669,2
112,0.25642140618261805,0.6644798886637194,0.07909870515366255,2
113,0.9964153528530116,0.0030000497287705694,0.0005845974182177961,1
114,0.005715995540880098,0.9937943664517884,0.0004896380073313611,2
115,0.6991889569911066,0.2356750141638182,0.06513602884507526,2
116,0.5584630558095747,0.01629424790583401,0.42524269628459144,1
117,0.6203742589880283,0.01773004908207035,0.3618956919299013,0
118,0.7031222137139258,0.12424608211572562,0.17263170417034857,0
119,0.7812299663954274,0.02031538132164659,0.1984546522829261,1
120,0.2073732664606134,0.4521727261612104,0.3404540073781763,1
121,0.002734271549370553,0.9952587373852665,0.0020069910653628506,2
122,0.0019389264907649596,0.9965708215004839,0.0014902520087510909,2
123,0.0011039614897870068,0.9977720305522938,0.0011240079579191453,2
124,0.108321969581526,0.004905299876781311,0.8867727305416926,1
125,0.6020324827718875,0.018049501906428445,0.37991801532168407,1
126,0.9954949260739924,0.0012828450095418876,0.0032222289164657216,1
127,0.06764382379990248,0.23670719215574823,0.6956489840443493,0
128,0.004669565791833417,0.00021145867815912744,0.9951189755300075,0
129,0.11923547826582603,0.013421594797154327,0.8673429269370198,0
130,0.9980479167216857,0.0014664689662916037,0.00048561431202262816,0
131,0.16135294519661755,0.8370169960787488,0.001630058724633635,1
132,0.9375201815524424,0.04245507766167413,0.020024740785883507,2
133,0.9350473634216966,0.0012673080624645758,0.06368532851583882,1
134,0.107364827532509,0.8720563748516196,0.020578797615871437,1
135,0.8190849378809264,0.03709180381766222,0.14382325830141138,1
136,0.8437702672423744,0.08581347947419206,0.0704162532834335,1
137,0.8274462726281119,0.02496509105468512,0.14758863631720312,2
138,0.8566951504968072,0.09974330067817481,0.04356154882501796,1
139,0.6861390144951937,0.03717966426895036,0.27668132123585604,2
140,0.8917159381414667,0.0996179871930909,0.008666074665442287,1
141,0.009284139291888635,0.9809073751818608,0.0098084855262505,2
142,0.8857630645186355,0.10126155620194384,0.012975379279420779,2
143,0.08512191703116861,0.002316105402814883,0.9125619775660165,1
144,0.0068959988548175765,0.989018911229628,0.004085089915554492,2
145,0.07079515169959825,0.007776416976885399,0.9214284313235164,1
146,0.013251096402111097,0.04636978878673881,0.94037911481115,2
147,0.7378097218377383,0.07879602273540028,0.18339425542686136,0
148,0.14227271067532,0.0001968959530579523,0.857530393371622,1
149,0.7189707776472148,0.0009867195986240313,0.28004250275416115,2
150,0.9981627564869376,0.0014619622815016304,0.0003752812315609359,0
151,0.014657654099776584,0.9847774651212868,0.0005648807789366146,2
152,0.006400456933032066,0.9915340395128551,0.0020655035541127537,2
153,0.997370718553483,0.001349996838996924,0.0012792846075198904,1
154,0.860220404450528,0.09117673347451585,0.048602862074955955,2
155,0.037542956818391746,0.9544903008103448,0.007966742371263415,2
156,0.8959254962204259,0.10260891488541675,0.0014655888941572553,0
157,0.4048939935017322,0.018335398295529777,0.5767706082027381,1
158,0.21470045099460852,0.7513049685044544,0.03399458050093708,2
159,0.0020579359120483616,0.9976263367937774,0.0003157272941742505,2
160,0.2724843597134508,0.6342125791737465,0.09330306111280283,2
161,0.9807497965359242,0.001277139309351931,0.017973064154723953,0
162,0.6073401535730616,0.06836449657312611,0.3242953498538124,2
163,0.009929025059282314,0.9876411703630024,0.0024298045777153402,0
164,0.012555047289025215,0.9864900188812453,0.0009549338297294018,2
165,0.20697025452804818,0.7539005591447193,0.039129186327232494,2
166,0.1684907534993673,0.8083184364371664,0.02319081006346618,2
167,0.06369709155618067,0.0018742195567784186,0.9344286888870409,0
168,0.04218132658389986,0.9454352484440177,0.012383424972082337,1
169,0.019809711237562953,0.9796394081176737,0.0005508806447633115,1
170,0.2710392854802451,0.637228576939224,0.09173213758053107,2
171,0.07383597590570604,0.9220559907561996,0.004108033338094344,2
172,0.3621388740484207,0.01639925659688523,0.621461869354694,2
173,0.0035851287696426325,0.00016235055344647662,0.9962525206769108,0
174,0.9431521911479445,0.042710120069798505,0.014137688782256925,0
175,0.0017325833585967274,0.996964596914699,0.0013028197267042556,2
176,0.9137661904993726,0.0010790085970988682,0.08515480090352853,0
177,0.9190807321898016,0.05677653320275761,0.024142734607440926,0
178,0.0026626842479326365,0.9955406780862922,0.0017966376657750844,2
179,0.1588826160229519,0.00020817846143227208,0.8409092055156158,1
180,0.9168664782881341,0.0011873891127586584,0.08194613259910741,2
181,0.5431463010175349,0.013598217114799083,0.44325548186766606,0
182,0.337109496751386,0.03946361606926224,0.6234268871793518,0
183,0.02316489653504239,0.9764796756650133,0.0003554277999444906,0
184,0.005149700346490604,0.9941935386799664,0.000656760973543188,2
185,0.572523832319088,0.015947595134442737,0.4115285725464693,2
186,0.0034462996815397226,0.994567421842856,0.0019862784756042953,2
187,0.005177111224141961,0.000234442589513234,0.9945884461863448,1
188,0.020694876248351434,0.0005210898433370077,0.9787840339083117,0
189,0.16312598851166937,0.8022482594162911,0.034625752072039676,2
190,0.03379004830268287,0.11824209524575542,0.8479678564515618,2
191,0.0169381169597207,0.9824051190363292,0.0006567640039500165,2
192,0.9459003538823404,0.042834569083922656,0.011265077033736816,0
193,0.007442603053094119,0.0003370341213358177,0.9922203628255701,0
194,0.09027882399585457,0.00010348082818359814,0.9096176951759618,0
195,0.9756362570416538,0.0012442779902918037,0.023119464968054438,0
196,0.7756896171225809,0.22415195345555208,0.00015842942186706848,1
197,0.1935611827147758,0.0002494327100851739,0.8061893845751391,2
198,0.01467825426464373,0.05136386675906635,0.9339578789762898,1
199,0.13477364112737897,0.4716157126515715,0.39361064622104963,1
200,0.6754947584214395,0.07603623574957952,0.248469005828981,0
201,0.008823260857010297,0.01484271644399346,0.9763340226989962,0
202,0.9274308561676837,0.041998188198180623,0.03057095563413569,0
203,0.1652734355672442,0.019212416349589635,0.8155141480831661,0
204,0.6379480633148672,0.0007310578069304112,0.36132087887820236,0
205,0.11459456788264795,0.013124332672533736,0.8722810994448184,1
206,0.9777545053736152,0.0012939992400958444,0.020951495386288935,0
207,0.0013561293099493867,0.9978446317353397,0.0007992389547110762,2
208,0.9533029645428015,0.04316979217210045,0.0035272432850981467,0
209,0.004786513077858523,0.9927355541689271,0.002477932753214349,2
210,0.27386922693212074,0.03201337044030724,0.694117402627572,0
211,0.9325518489674879,0.0011092589786417869,0.06633889205387028,0
212,0.12075363547066308,0.4225552665297526,0.4566910979995843,0
213,0.9688894792430646,0.0014236253883916502,0.029686895368543832,2
214,0.12364931237913201,0.00016201346788328043,0.8761886741529847,0
215,0.008617557360313369,0.9902791810168415,0.0011032616228450367,2
216,0.37420296004214715,0.0004903053489106869,0.6253067346089421,0
217,0.8945609705892369,0.10404530020569497,0.0013937292050681587,1
218,0.7217845885046499,0.06613540584388838,0.21208000565146168,2
219,0.7789532750183956,0.2204089252071498,0.0006377997744545752,0
220,0.01740080639908396,0.000787985796557001,0.981811207804359,1
221,0.29732081426217455,0.6535933125868081,0.04908587315101733,0
222,0.08409663193772997,0.5760761182493214,0.3398272498129487,2
223,0.2055478075946184,0.49393807686266317,0.30051411554271834,2
224,0.8831007408431584,0.09700324709427492,0.019896012062566845,1
225,0.26035683863388515,0.6077402026232213,0.13190295874289368,0
226,0.8900227172824041,0.09781507778580945,0.012162204931786519,0
227,0.9714556097693121,0.0010389292542090857,0.027505460976478806,2
228,0.004346266287163189,0.9950833934593317,0.0005703402535050251,2
229,0.26122785880102567,0.03026793523212593,0.7085042059668484,0
230,0.8747659916581325,0.11947866304188312,0.0057553452999842235,2
231,0.004947908056240401,0.9941523730429515,0.0008997189008081438,2
232,0.8566628186063034,0.0011224560119146773,0.14221472538178187,0
233,0.7658483803598315,0.0010062791408096256,0.23314534049935895,0
234,0.304013970204753,0.6776048278041334,0.01838120199111359,2
235,0.0006500424097566857,0.9993427657765172,7.191813726175405e-06,2
236,0.011375444389183503,0.9879714317507456,0.0006531238600706926,2
237,0.9088512464834169,0.001171191590664638,0.0899775619259184,0
238,0.0009669893298161672,0.9981701531201764,0.0008628575500074621,1
239,0.13464088029123206,0.00018474427135210968,0.8651743754374158,1
240,0.6822797621578688,0.0010011993646355621,0.3167190384774957,0
241,0.07209904963218154,0.003264965183361169,0.9246359851844573,1
242,0.17211088170494174,0.602270558629857,0.2256185596652012,1
243,0.9734069760888664,0.0013676757669816998,0.02522534814415181,1
244,0.0009073107974227521,0.9984393190633437,0.0006533701392335132,2
245,0.010813617290003574,0.98787907656654,0.0013073061434566609,2
246,0.000685452199167817,0.9986185277734294,0.0006960200274027686,2
247,0.8206481039888227,0.02666897865931904,0.15268291735185824,1
248,0.8802969763814364,0.03986375678412023,0.07983926683444335,0
249,0.004807920417755762,0.016824438333968017,0.9783676412482764,0
250,0.015090479511493745,0.0004384304401829008,0.9844710900483234,0
251,0.29785403880740124,0.4295550227044184,0.2725909384881803,2
252,0.019135211917072896,0.06696017507221505,0.9139046130107121,0
253,0.00146587102014565,0.9980131384349659,0.0005209905448884531,2
254,0.001813154310633828,0.996119438299187,0.002067407390179061,2
255,0.016273582510279515,0.9801480529589185,0.003578364530801943,2
256,0.07466839787196382,0.007617497709319383,0.9177141044187169,0
257,0.3901524634524612,0.01766783634282882,0.5921797002047101,0
258,0.37986126869341086,0.4718821213829287,0.14825660992366044,2
259,0.7042418892557343,0.03189120051948861,0.2638669102247772,1
260,0.6894212867614425,0.03122005781528992,0.2793586554232676,0
261,0.008294878363173339,0.0002200119542772547,0.9914851096825493,2
262,0.61291170222522,0.027755364022811754,0.35933293375196823,2
263,0.0031168488475535323,0.9966411851638888,0.00024196598855761984,2
264,0.47761181988397594,0.021628384438328457,0.5007597956776957,0
265,0.9856439863133399,0.001291455627600197,0.013064558059059766,0
266,0.7143826608867168,0.03235041969750114,0.25326691941578217,1
267,0.990241483362345,0.0014048625016486978,0.008353654136006276,1
268,0.0012864653392409297,0.9958713659668488,0.0028421686939103445,2
269,0.1504891801577106,0.006814818450369423,0.8426960013919201,2
270,0.010043379046135201,0.0004548088092175637,0.9895018121446472,0
271,0.6106820160189251,0.02765439392860785,0.36166359005246695,0
272,0.14408187775471343,0.00021735853440296653,0.8557007637108835,1
273,0.5660014052935471,0.015099143959001294,0.4188994507474515,2
274,0.0021490434783920393,0.997364110924806,0.0004868455968019162,2
275,0.7809658484934097,0.0010045767154935655,0.21802957479109675,2
276,0.007462099012126936,0.9738499758398302,0.018687925148042767,2
277,0.7048989133518754,0.0009236049538967519,0.29417748169422786,0
278,0.9780961630776294,0.0012604240853387766,0.02064341283703184,1
279,0.911796865649408,0.08158664029175781,0.006616494058834079,1
280,0.46849812379679867,0.0006138570791271113,0.5308880191240742,0
281,0.9986832074437113,0.0012956381500569029,2.115440623172849e-05,1
282,0.9929062294926743,0.001457706306837593,0.005636064200488105,0
283,0.6846965418612037,0.01340564005797748,0.30189781808081884,2
284,0.26799346915325745,0.031273959816961565,0.700732571029781,2
285,0.7977974785943879,0.006751721147417056,0.195450800258195,1
286,0.9543491535681812,0.0014070980548796976,0.04424374837693913,2
287,0.24172961937060786,0.045913428114771025,0.7123569525146211,2
288,0.5822052794369473,0.026364840821455588,0.39142987974159704,0
289,0.9922001640801225,0.001460307688807831,0.006339528231069682,1
290,0.9876125122704552,0.001324127985689751,0.01106335974385516,0
291,0.9958912161781327,0.003076750729046093,0.0010320330928211326,0
292,0.0040897856820309286,0.9939267493260677,0.00198346499190132,2
293,0.05386332440167239,0.002439170553963198,0.9436975050443644,0
294,0.2548714884080848,0.011541712964721328,0.7335867986271939,1
295,0.014859879104761442,0.0546532459260756,0.9304868749691629,1
296,0.013878652733068628,0.000628487035496286,0.9854928602314351,0
297,0.2669458873564228,0.012088495375549941,0.7209656172680272,1
298,0.1858785726856321,0.008417407320173216,0.8057040199941947,1
299,0.9977153585275144,0.0014400235090654306,0.0008446179634202451,2
300,0.9886879367894243,0.0014263057139685341,0.009885757496607235,0
301,0.0015460526137481621,0.998022863344665,0.00043108404158675594,2
302,0.011694402325784406,0.9872184535815325,0.0010871440926831291,2
303,0.9786329871490058,0.0012556976754967343,0.020111315175497378,0
304,0.9950052081138685,0.0012780924596620343,0.0037166994264694344,2
305,0.9953687903888898,0.0012844068294943125,0.003346802781615791,1
306,0.01759362201705171,0.07701842358034618,0.905387954402602,1
307,0.5059935356590464,0.02291363458132474,0.47109282975962874,1
308,0.9906468148443724,0.0012980106628360808,0.00805517449279133,2
309,0.6157663834218118,0.005002696452217617,0.37923092012597054,1
310,0.004321974942579128,0.9946453492575943,0.00103267579982659,2
311,0.0891236167645817,0.00011541965459738723,0.910760963580821,0
312,0.015639793915023868,0.9835863535994795,0.0007738524854965044,2
313,0.007168680500336039,0.0003246296915651744,0.9925066898080986,1
314,0.2554096727034767,0.011566084339873304,0.7330242429566499,1
315,0.010502879394520295,0.00034594558060818106,0.9891511750248715,1
316,0.7851817251329427,0.0010287967782409895,0.21378947808881635,1
317,0.8078771320506847,0.036584264592051156,0.15553860335726408,2
318,0.5613875547587529,0.025422121789542507,0.4131903234517045,0
319,0.7275044785100931,0.03294463387787247,0.23955088761203433,0
320,0.8755014099193218,0.0011275099941137781,0.1233710800865644,0
321,0.2896320113192714,0.581307711790835,0.12906027688989366,1
322,0.9043323748363191,0.0919727924752438,0.0036948326884371076,1
323,0.011316893942898275,0.9865564349647644,0.0021266710923372686,2
324,0.8820468785094484,0.03994300012437777,0.07801012136617393,0
325,0.9916678530736731,0.001299348494330551,0.007032798431996255,1
326,0.9800105007177126,0.0012840742639673806,0.01870542501832008,2
327,0.9403640419771666,0.04258386029224182,0.017052097730591565,0
328,0.9643945690176372,0.001441188585324828,0.03416424239703794,2
329,0.45992113804355217,0.02082727179435371,0.5192515901620941,2
330,0.8216367374609964,0.02366209371140723,0.15470116882759635,1
331,0.7707069011285909,0.0010098309110734096,0.22828326796033568,1
332,0.5999584826229315,0.021685787581634607,0.37835572979543397,1
333,0.6291576699830702,0.02849105359666868,0.34235127642026103,1
334,0.1586536280416885,0.007184540911602199,0.8341618310467094,1
335,0.993844686257331,0.0012807184272179571,0.0048745953154511286,0
336,0.058594975925768296,0.002653440749822692,0.9387515833244091,1
337,0.8641838245748821,0.10065041208753422,0.035165763337583776,2
338,0.8629609258551939,0.039078703421088,0.09796037072371831,0
339,0.8345528651916357,0.12821172663335695,0.03723540817500734,0
340,0.004168833603429017,0.0145880708895353,0.9812430955070357,0
341,0.457352059112156,0.020710932490200513,0.5219370083976435,0
342,0.9980484157825982,0.0012806098835707737,0.0006709743338309152,1
343,0.04388812903169008,0.9554564209941049,0.0006554499742050339,2
344,0.9436528222389499,0.0427327908690695,0.013614386891980608,2
345,0.19034290322294223,0.6460263222086572,0.16363077456840058,2
346,0.8480553959929841,0.038403714828479096,0.11354088917853669,2
347,0.3360836576662303,0.015219360679161197,0.6486969816546085,1
348,0.1762883552838905,0.007983119682856362,0.8157285250332532,1
349,0.951139398254011,0.0012462454451752816,0.04761435630081365,2
350,0.8614524151844967,0.0012681399821973388,0.13727944483330579,0
351,0.9473883298637501,0.001241330548468779,0.05137033958778105,1
352,0.08831627731516667,0.003999353278983911,0.9076843694058494,0
353,0.69088116153703,0.031286167428921124,0.27783267103404885,1
354,0.21412140089729734,0.00027504071909117956,0.7856035583836114,0
355,0.9333271004105763,0.0013131933732004528,0.0653597062162231,0
356,0.5494788261656144,0.0007199633256557402,0.4498012105087299,1
357,0.6714940691163652,0.020297560732487542,0.30820837015114716,1
358,0.8127224561926312,0.03680368238890507,0.1504738614184638,0
359,0.0009980628474573377,0.9982206364080011,0.0007813007445415637,2
360,0.032962030713681395,0.9662357863113765,0.0008021829749420133,2
361,0.07399638346162592,0.003350884885853115,0.922652731652521,0
362,0.8934464264616884,0.10056969690011461,0.005983876638197113,0
363,0.9826350850561207,0.0014503302529350437,0.01591458469094414,1
364,0.997299611079233,0.00264436363108833,5.6025289678547296e-05,0
365,0.45611192588671007,0.3422868966226507,0.20160117749063922,0
366,0.002178944825260245,6.324671519080888e-05,0.9977578084595489,0
367,0.8383009184637297,0.019084752878330356,0.14261432865794005,2
368,0.9911590319721387,0.0013702577596381722,0.007470710268223026,1
369,0.9961131075721864,0.0012781266625337805,0.0026087657652797275,1
370,0.7944400517786333,0.007222507896888068,0.19833744032447856,1
371,0.7131709484284706,0.03229554797577108,0.2545335035957583,1
372,0.003047503364096331,8.600566034293371e-05,0.9968664909755606,1
373,0.0009343243455864139,0.9989417668076865,0.0001239088467272234,1
374,0.8189203589583872,0.0010605438648592655,0.18001909717675352,0
375,0.8923168909640785,0.08791102378338751,0.019772085252533936,0
376,0.003080823696823645,0.0001395133799615783,0.9967796629232146,0
377,0.014748872821412974,0.9851018818978025,0.00014924528078466096,1
378,0.9321931115852236,0.042213844274257395,0.025593044140519064,2
379,0.028751657050342137,0.9623596467677967,0.008888696181861314,2
380,0.005474891918285848,0.9936253450633641,0.0008997630183500332,2
381,0.6910302159309369,0.022831945963518816,0.28613783810554433,1
382,0.4807916525058475,0.04201127268072997,0.47719707481342255,1
383,0.9797797441059911,0.0014430654252636634,0.01877719046874513,0
384,0.9917445502619346,0.0014569857635499885,0.006798463974515288,2
385,0.23557596473252546,0.007607518555092252,0.7568165167123823,1
386,0.5286902869430489,0.0006983592704142026,0.47061135378653696,0
387,0.30100713564294257,0.013630939975369873,0.6853619243816875,2
388,0.014348027796193888,0.0006497424230063856,0.9850022297807995,0
389,0.9726574283536367,0.0012534154572522308,0.026089156189111076,1
390,0.0034786796239048372,0.9960489531894567,0.00047236718663825575,1
391,0.9569854910531397,0.0013052375242835197,0.04170927142257671,1
392,0.5631754222663606,0.02550308437080511,0.41132149336283413,1
393,0.6313093490298817,0.07106255954661468,0.2976280914235036,0
394,0.012085781189857153,0.0005472978492769481,0.9873669209608661,0
395,0.009596337683716446,0.9872158646603931,0.0031877976558902675,2
396,0.9902768772908248,0.0012975259463035153,0.008425596762871631,1
397,0.9954060940149115,0.00237053462305839,0.002223371362030206,0
398,0.7967858177585473,0.036082000620663364,0.16713218162078936,2
399,0.001235972348526381,0.9986102276254419,0.0001538000260318143,2
400,0.6326601579157036,0.028649661805979755,0.3386901802783167,0
401,0.0007694338656172002,0.9989492404760305,0.0002813256583522305,1
402,0.7756017536024045,0.10951080464963389,0.1148874417479617,2
403,0.0016860042163615507,0.99752699735084,0.0007869984327984343,2
404,0.2988376117673456,0.6857927336239047,0.01536965460874954,1
405,0.9611800199219973,0.0012594013285751559,0.03756057874942744,1
406,0.7771574870757435,0.0011409610864212276,0.22170155183783521,0
407,0.025252907941080774,0.00114356382819021,0.9736035282307289,2
408,0.017592034580593528,0.0007966454579241263,0.9816113199614824,0
409,0.7939325286229169,0.0010402626569660464,0.20502720872011707,1
410,0.8056301271153513,0.0011867471101371257,0.19318312577451163,0
411,0.9377197087095012,0.0012113282280894794,0.06106896306240938,1
412,0.9910649149630383,0.0012985584851316044,0.007636526551830165,1
413,0.0019816807368582758,0.9969724898946669,0.001045829368474818,2
414,0.9941101062706408,0.0014572391744628332,0.0044326545548964225,1
415,0.9758515142325054,0.0014326679243019428,0.022715817843192595,0
416,0.0010416824913001162,0.9985824833560747,0.00037583415262537265,2
417,0.9881277139351786,0.0012492831963154612,0.01062300286850582,2
418,0.2009188656398417,0.00029402623076506485,0.7987871081293932,1
419,0.9985750522353455,0.0013935014094734765,3.1446355181224266e-05,1
420,0.6106247521977317,0.02765180076845641,0.36172344703381176,1
421,0.9628799435539066,0.0012497136570657126,0.035870342789027655,2
422,0.2990494363200921,0.5966423580301486,0.10430820564975926,2
423,0.8042988651399393,0.17698241806844284,0.01871871679161779,1
424,0.9981138832782549,0.0014611263249840517,0.00042499039676106637,2
425,0.11158977502372902,0.3904880125832954,0.49792221239297546,0
426,0.9765542146017214,0.0012618771356045987,0.022183908262673847,1
427,0.43365843297689993,0.010949582494479838,0.5553919845286203,1
428,0.8830912792541065,0.03999029522862923,0.07691842551726422,2
429,0.9711209682007,0.0014265550419378986,0.02745247675736201,0
430,0.9281819089468234,0.04203219920369689,0.02978589184947958,2
431,0.04076972267314739,0.0009903150338999684,0.9582399622929527,1
432,0.7124631203074886,0.032263494374751366,0.25527338531776006,0
433,0.0024088425295003416,0.00010908308821185629,0.9974820743822878,0
434,0.19284165287480443,0.00873272651650909,0.7984256206086865,0
435,0.9887591235940252,0.0024586720128113217,0.008782204393163668,1
436,0.9986935378195724,0.0012869669020878014,1.9495278339713642e-05,0
437,0.010343900359086668,0.98912221059017,0.0005338890507431648,1
438,0.9444972579320677,0.03111000707564231,0.02439273499228991,1
439,0.03154344958548242,0.0014284274922500423,0.9670281229222675,0
440,0.9330526442357466,0.0011972128999004576,0.06575014286435293,1
441,0.006785739696300859,0.9914661177459375,0.0017481425577616045,1
442,0.5839182914904825,0.026442413615299656,0.3896392948942178,0
443,0.15785538583788808,0.007148392959353265,0.8349962212027587,2
444,0.22169867430392856,0.7757939712924731,0.0025073544035983304,2
445,0.7190055691524568,0.001056461654883589,0.2799379691926597,0
446,0.0725888721060038,0.0032871465204414216,0.9241239813735548,0
447,0.9682175052533838,0.003004455595447906,0.028778039151168232,0
448,0.0014777869016041507,0.9981674896296255,0.00035472346877022385,2
449,0.6665601305849056,0.030184803129568526,0.30325506628552584,0
450,0.9591455788330457,0.001357232238568438,0.039497188928385905,1
451,0.8526218429427467,0.0924734776934582,0.0549046793637952,1
452,0.4883679219679444,0.022115468512140718,0.4895166095199149,0
453,0.24923582984904294,0.011286505315321604,0.7394776648356355,1
454,0.3291940261639661,0.11637897606701564,0.5544269977690183,1
455,0.010045027862416928,0.9886289140273717,0.0013260581102112713,2
456,0.6266353905058245,0.028376833579651456,0.344987775914524,0
457,0.20843985209143087,0.7293971474450146,0.06216300046355453,2
458,0.3802996440207538,0.012709791983088912,0.6069905639961573,2
459,0.0006495780090176494,0.998628819252396,0.0007216027385863879,1
460,0.758122808056293,0.0009723437452074165,0.24090484819849964,1
461,0.14387287647006203,0.00044644892950013344,0.8556806746004377,1
462,0.8886109405519771,0.10131453288217576,0.010074526565847279,1
463,0.08734688394130319,0.0001144476366575997,0.9125386684220391,1
464,0.208589136985814,0.5789099330829243,0.21250092993126182,2
465,0.9970567007574589,0.001306409317268797,0.0016368899252721424,0
466,0.0015981764314359726,0.9980931259085141,0.0003086976600500648,2
467,0.003695950200149952,0.00016736904001492042,0.9961366807598351,0
468,0.967620778352501,0.0012781527436698827,0.031101068903829125,2
469,0.001959058480812155,0.9976599951580276,0.00038094636116024885,2
470,0.9846872853972201,0.0013055235200706684,0.014007191082709317,0
471,0.1326037867743499,0.014565719740907026,0.852830493484743,0
472,0.40926993128355266,0.018533560193295228,0.5721965085231522,0
473,0.8823518330125727,0.10174609894627014,0.0159020680411571,2
474,0.00815596774109712,0.9913339665478279,0.0005100657110749595,2
475,0.04157922885811825,0.9378978439532808,0.0205229271886008,0
476,0.44668875520471474,0.02022805072996917,0.5330831940653162,0
477,0.011122996864052978,0.9881899333126343,0.0006870698233127769,1
478,0.01717461798062198,0.9826504099631065,0.00017497205627149687,2
479,0.26606785038119224,0.712621338659888,0.021310810958919804,2
480,0.9495770118722932,0.04300106448697669,0.0074219236407299756,1
481,0.42648640434173585,0.045204272088860194,0.5283093235694041,1
482,0.0006859011543463291,0.9992725995817134,4.149926394019314e-05,0
483,0.0032247778951486248,0.9960492789524434,0.0007259431524078578,2
484,0.08601271581419914,0.003895037783332313,0.9100922464024687,0
485,0.007280379396049285,0.00032968791365525915,0.9923899326902956,1
486,0.39533813179455535,0.01790266643664796,0.5867592017687966,0
487,0.1203223056747129,0.0003733696432672719,0.8793043246820198,1
488,0.02502467793082456,0.0011332285596799279,0.9738420935094954,0
489,0.022701280193775406,0.0010280147911591892,0.9762707050150654,0
490,0.003066264468388439,0.00013885407343562485,0.9967948814581761,2
491,0.29038266399532164,0.6621644216671184,0.047452914337559916,2
492,0.0036672365610943202,0.0001660687589115979,0.9961666946799942,0
493,0.851302824942556,0.001098506576539156,0.14759866848090475,1
494,0.7599552978304674,0.18694029626951095,0.05310440590002144,0
495,0.893002829387511,0.0905538448333864,0.016443325779102676,0
496,0.9970071757471841,0.0013141054230193206,0.0016787188297965453,2
497,0.970974965615392,0.001427557069790454,0.02759747731481761,0
498,0.9979816045463572,0.001265744712184394,0.0007526507414584178,1
499,0.0006365766176274517,0.9988115970889706,0.0005518262934019367,2
500,0.2527938396515854,0.030176446446527814,0.7170297139018866,1
501,0.9953901986667217,0.0014606677344754558,0.003149133598802677,1
502,0.9918188833422257,0.0012844563213913376,0.006896660336383007,0
503,0.4224982675800687,0.04317723959949013,0.5343244928204411,0
504,0.09462094705625337,0.004284856726009248,0.9010941962177373,0
505,0.04594294030892445,0.16050662339134528,0.7935504362997302,0
506,0.4019651795759337,0.0005266812362994857,0.5975081391877668,0
507,0.039440462903378375,0.001786039328564195,0.9587734977680574,1
508,0.24675970810535172,0.44488755190673634,0.3083527399879119,2
509,0.9814396927780239,0.0014180317246165423,0.017142275497359607,1
510,0.6758559861761573,0.020499409577856675,0.303644604245986,0
511,0.013577416246963493,0.0029811253812139773,0.9834414583718225,0
512,0.9865955162076787,0.0012653754365915173,0.012139108355729695,0
513,0.11439414551948765,0.8426660877542613,0.04293976672625086,2
514,0.8776551215593623,0.10243333871877693,0.019911539721860792,2
515,0.11730238048380677,0.27714925735795376,0.6055483621582395,0
516,0.3407436078390407,0.015430383919384779,0.6438260082415744,0
517,0.9677518555872549,0.0013071595942271174,0.030940984818518064,0
518,0.10599662672659727,0.004799998024684066,0.8892033752487186,2
519,0.810100145198662,0.14219236346668282,0.047707491334655246,1
520,0.002578673536450203,0.9941789989340001,0.003242327529549643,2
521,0.9643038169630693,0.001309688976194518,0.034386494060736315,2
522,0.923096640464889,0.0012717601017838273,0.07563159943332723,1
523,0.010109718405736528,0.9884522255984417,0.0014380559958218765,2
524,0.09105557680154354,0.9038393813087738,0.005105041889682659,1
525,0.512667808854174,0.02321587531428172,0.46411631583154433,2
526,0.21969606191149854,0.6700820335272047,0.11022190456129677,2
527,0.518433928448465,0.05954074421042461,0.4220253273411103,2
528,0.14574853710337746,0.006600141078086388,0.8476513218185362,0
529,0.00816541293608514,0.0003697661630783165,0.9914648209008364,0
530,0.8112972968919109,0.0010506716085188247,0.18765203149957044,0
531,0.9795585022405372,0.0013835098213715855,0.01905798793809131,2
532,0.00871250021875083,0.9863551974856776,0.0049323022955714765,2
533,0.6952211924418147,0.03148270330381993,0.27329610425436535,2
534,0.3950852775689704,0.000509126830682765,0.6044055956003469,1
535,0.07929774363056326,0.0035909540194178423,0.9171113023500188,1
536,0.12639846013857714,0.0001863605586714029,0.8734151793027514,0
537,0.9050122140015718,0.09489265174482396,9.513425360428883e-05,2
538,0.8977569431982638,0.0011764220594118171,0.10106663474232434,0
539,0.7194608496634979,0.21717984565281429,0.06335930468368792,2
540,0.002144876545542476,9.71295360969416e-05,0.9977579939183605,1
541,0.0645824906660553,0.002924582009820287,0.9324929273241245,1
542,0.3450967333406114,0.0004457893021063204,0.6544574773572822,0
543,0.878866621325414,0.09928094027451126,0.021852438400074725,0
544,0.853948055094956,0.03867056060388814,0.10738138430115586,0
545,0.9384026341763915,0.0012364206250479017,0.06036094519856079,2
546,0.008048242894777041,0.0003644601832165075,0.9915872969220064,1
547,0.8811696393186241,0.09011207809767217,0.028718282583703642,1
548,0.3250979637419645,0.5846831347890089,0.09021890146902659,2
549,0.9980889998412665,0.0013077619034760507,0.0006032382552574331,0
550,0.06970266362924879,0.00010279234927284902,0.9301945440214784,1
551,0.049993044574292225,0.002263907094171057,0.9477430483315368,0
552,0.009623451629681137,0.0004357926307622882,0.9899407557395565,1
553,0.003458955919490064,0.995588139864234,0.0009529042162760189,2
554,0.9561573557083242,0.043299051681382046,0.0005435926102936935,0
555,0.4466458719802862,0.0005852248204454259,0.5527689031992683,0
556,0.008369063611285772,0.9889881411822383,0.0026427952064757678,2
557,0.6653248999356441,0.2154542314776619,0.11922086858669385,1
558,0.7987339694371283,0.0011720880305522785,0.2000939425323193,1
559,0.9524962481568884,0.04313326047124877,0.004370491371862797,0
560,0.9080192283444772,0.08280636284163337,0.009174408813889494,1
561,0.025957165864757763,0.0011754557548195072,0.9728673783804226,0
562,0.3670704016384712,0.016622578068727675,0.616307020292801,0
563,0.013109499474109963,0.0005936563598635255,0.9862968441660266,0
564,0.22691767527507345,0.010275840153816364,0.7628064845711102,0
565,0.07374067386520568,0.0033393052196352847,0.922920020915159,0
566,0.04418698578171177,0.0020009829653922246,0.9538120312528959,0
567,0.9254559084564095,0.04190875379441018,0.03263533774918054,2
568,0.9494780019508952,0.0013918141773290264,0.049130183871775826,0
569,0.8742455918982519,0.07860030672939329,0.04715410137235503,0
570,0.0023202481118912493,0.00010507113950504929,0.9975746807486038,1
571,0.4807111885024743,0.021768737614707673,0.497520073882818,0
572,0.9982461250103288,0.0014677866487954945,0.0002860883408758489,0
573,0.9559312685791556,0.04328881345204466,0.0007799179687998273,2
574,0.9049165759720451,0.0011873531284567935,0.09389607089949818,0
575,0.8512260437318723,0.038547295840004,0.11022666042812358,1
576,0.86632921991276,0.0392312347357361,0.09443954535150391,1
577,0.23236789642429806,0.010522650373709943,0.7571094532019921,0
578,0.03241186677371754,0.0014677532794647801,0.9661203799468177,1
579,0.7247260064472018,0.02081217913521931,0.25446181441757904,2
580,0.9298572184272137,0.04210806465757921,0.028034716915207168,2
581,0.2033676212028271,0.7116478029496671,0.08498457584750571,0
582,0.06850545112230284,0.0031022310824598514,0.9283923177952371,0
583,0.047045261332282214,0.16462628941763005,0.7883284492500877,0
584,0.8044911836498215,0.036430933810329705,0.15907788253984875,2
585,0.8835756974815471,0.09333400723691117,0.02309029528154177,1
586,0.0019666624453222458,0.9961589784766333,0.0018743590780444057,2
587,0.39594598928108615,0.017930192923336665,0.5861238177955771,1
588,0.9575568771338029,0.0012339561247470489,0.04120916674144999,2
589,0.9099125325414821,0.0011469019526194001,0.0889405655058985,0
590,0.6037186368423262,0.0273390611927934,0.3689423019648804,1
591,0.014592127530868021,0.0006607963431210697,0.9847470761260108,0
592,0.8419311187845562,0.103560810005526,0.05450807120991785,0
593,0.34394051359030886,0.015575154010330872,0.6404843323993602,0
594,0.9957067070840161,0.001468299421702658,0.002824993494281137,0
595,0.39444428483162797,0.47904654463935636,0.12650917052901572,2
596,0.8896724045042175,0.09233143713145454,0.01799615836432799,2
597,0.9911073979516578,0.0012717037664969108,0.007620898281845238,0
598,0.7080113412352877,0.03206189804652094,0.25992676071819143,2
599,0.9103821287163867,0.04122614610007989,0.04839172518353346,1
600,0.21980291030782514,0.7691600918442174,0.011036997847957373,0
601,0.9982176647608928,0.0013079304887226848,0.0004744047503845083,2
602,0.051186195471618415,0.0023179382659845532,0.9464958662623971,0
