,topology,centrality,position,label
0,0.9999999999999998,1.2721438082631955e-16,2.791987019240024e-25,2
1,0.04216276599847276,0.9578372336367655,3.647616395878499e-10,1
2,0.04216276600003457,0.957837233672246,3.2771948393014177e-10,2
3,0.0970981111963261,0.9029018880160029,7.876710175142424e-10,0
4,0.010709491417348425,0.9892905082063694,3.7628220122871145e-10,2
5,0.04914662106767235,0.9508533785660451,3.6628240397803687e-10,1
6,0.009698710618718676,0.9903012890102416,3.7103977488073087e-10,2
7,0.014899103530015535,0.9851008960573314,4.126529949021116e-10,1
8,0.049146621069349805,0.9508533785984995,3.3215071028764833e-10,1
9,0.04914662106631096,0.9508533785397061,3.939830461516733e-10,0
10,0.0181604063465544,0.9818395932649246,3.8852090868864e-10,0
11,0.02365059395872634,0.9763494056377747,4.034988003132815e-10,1
12,0.04520144229590017,0.9547985573376323,3.6646749722898166e-10,1
13,0.04520144229567547,0.9547985573328852,3.7143916522954475e-10,2
14,0.02365059395924305,0.9763494056591053,3.8165153264145246e-10,1
15,0.011405185189705633,0.9885948144080487,4.0224560616314477e-10,1
16,0.9999999999999998,1.9812772854017993e-16,3.1188763485642803e-25,2
17,0.9999999999999545,4.5489474474504306e-14,3.689702425482817e-23,2
18,0.013781932207088168,0.9862180674109194,3.8199248628469415e-10,0
19,0.9999392416571716,6.075834280661306e-05,2.1726925032218418e-14,1
20,0.9999999999999998,2.591892195169213e-16,3.84821235125506e-25,1
21,0.99999995734001,4.2659989919389e-08,1.5594111811788607e-17,1
22,0.049146621066913365,0.9508533785513609,3.817258671314063e-10,2
23,0.04216276599664811,0.9578372335953137,4.080382279827819e-10,0
24,0.010788126334879251,0.9892118732763661,3.887546757957864e-10,2
25,0.049146621065344134,0.9508533785210006,4.136553185061515e-10,0
26,0.9999999999999998,2.8131861142610177e-16,3.453959637596951e-25,2
27,0.9999999999998803,1.1977228691336455e-13,2.8143786507345284e-25,2
28,0.9999999999999998,1.238651674162994e-16,3.3077913568223195e-25,2
29,0.9999999999999998,2.6175791346353223e-16,7.922708208859828e-25,0
30,0.042259310019582316,0.9577406894262382,5.541794884031291e-10,0
31,0.014899103529766937,0.9851008960408946,4.2933862414096447e-10,1
32,0.14847386063081458,0.8515261364359272,2.9332582328997995e-09,0
33,0.9999999999999996,3.3386375982141055e-16,3.462386367995484e-25,1
34,0.9999999999954559,4.544061485910331e-12,2.4950445999703687e-24,2
35,0.9999999999999996,4.211307672438309e-16,2.908623001825124e-25,2
36,0.042162765997684995,0.9578372336188693,3.834457410602527e-10,0
37,0.9999999999999998,1.8530872977414925e-16,2.7864957481411417e-25,2
38,0.9999999999999993,6.453679720017322e-16,3.6896126910730165e-25,2
39,0.00900082395819705,0.9909991756883316,3.5347140296881274e-10,0
40,0.999999999928175,7.182503553629763e-11,2.7516688985203516e-25,2
41,0.016635283531782487,0.9833647160850478,3.8316967872608153e-10,0
42,0.049146621067874444,0.9508533785699552,3.6217032623882917e-10,0
43,0.02036845605108034,0.9796315436184452,3.3047456405136845e-10,0
44,0.016635283532076623,0.9833647161024343,3.654892210423602e-10,2
45,0.9999999999999996,3.8310133524907584e-16,2.9432256722843145e-25,2
46,0.00798854460723331,0.9920114550147676,3.779990865533555e-10,0
47,0.03378320434200883,0.9662167952848437,3.731476066806797e-10,0
48,0.04216276600028879,0.9578372336780213,3.216899147380462e-10,0
49,0.032358557544534795,0.9676414420739746,3.8149060541684614e-10,1
50,0.0458330472382864,0.9541669516733433,1.0883704163648287e-09,0
51,0.9999999999999998,1.33483407677666e-16,3.2677868097839793e-25,2
52,0.999999999999996,3.9601108210288776e-15,2.2537580379652432e-24,1
53,0.9999999948939042,5.106095736291106e-09,1.6887607401518095e-18,1
54,0.9999999999999998,1.1328672283023612e-16,3.014018391041052e-25,1
55,0.9999999999999998,1.170608787191145e-16,2.813522397613282e-25,2
56,0.007918851546466434,0.9920811480785603,3.749731803309654e-10,0
57,0.9976951154743597,0.002304884524711375,9.288483704060543e-13,1
58,0.9999999999999998,2.1047925625018253e-16,8.55939758306199e-25,2
59,0.9999999999997302,2.6971453083125113e-13,1.6914522989033268e-22,1
60,0.9999999999965301,3.4699946842264102e-12,1.937371380818792e-21,2
61,0.024827756501071278,0.9751722431164215,3.825072449445188e-10,0
62,0.0770694544516114,0.9229305451761664,3.7222220276997466e-10,0
63,0.04914662106727177,0.9508533785582952,3.744329813858174e-10,0
64,0.999999999999972,2.7953808123693885e-14,6.033670825221012e-24,1
65,0.9999999999999998,2.804310478227335e-16,2.7399295544416125e-25,2
66,0.9999999999999998,2.4588472688926773e-16,3.8176179249228944e-25,2
67,0.9999999999999998,2.8021399477143405e-16,2.883638045459384e-25,1
68,0.9999999999666982,3.3301714186741314e-11,1.5924053235827746e-24,2
69,3.4565792436752704e-05,0.9999654342070976,4.656432350371351e-13,2
70,0.982525217046022,0.017474782953693768,2.8431658306296174e-13,2
71,0.9999997086711934,2.913288065734487e-07,1.1841211089366968e-16,2
72,0.2325475898877194,0.7674524098278211,2.844595046557068e-10,0
73,0.014899103529939093,0.9851008960522771,4.177837023166715e-10,2
74,0.014899103531034755,0.9851008961247202,3.442451134997278e-10,0
75,0.9999999001895374,9.981046233467643e-08,1.6034669101575558e-16,0
76,0.9999999999999991,9.422757212400085e-16,3.434483316527269e-25,2
77,0.45181955781948896,0.5481804419807998,1.9971124231116268e-10,1
78,0.9999999999999998,2.0497413881407572e-16,2.9631828698461463e-25,1
79,0.011495035426927137,0.9885049642353746,3.3769812684635114e-10,0
80,0.9999999999999996,3.767254265836858e-16,2.8915454935909246e-25,2
81,0.024874944856219182,0.9751250547997626,3.4401827728769975e-10,0
82,0.9999999999999993,6.326285766156787e-16,3.0382758341032455e-25,2
83,1.4902689349887805e-08,0.9999999850973105,1.164402787735634e-16,2
84,0.04914662106626551,0.9508533785388268,3.949078298658663e-10,0
85,0.04914662106626773,0.9508533785388698,3.9486270015262744e-10,0
86,0.009227273278897335,0.9907727262886015,4.325013823739472e-10,2
87,0.042162765997379684,0.9578372336119334,3.906868067572003e-10,0
88,0.9999943162677998,5.683732198245723e-06,2.0218574149889395e-15,0
89,0.08271361684316764,0.917286382812177,3.4465540245078427e-10,2
90,0.9999999999999996,3.3692121301054066e-16,2.845724189937864e-25,0
91,0.027525003590113954,0.9724749960401367,3.697494029771172e-10,2
92,0.02558276765577473,0.9744172319457033,3.9852177653084096e-10,0
93,0.06629361920108919,0.9337063803954472,4.034635551129837e-10,2
94,0.07059622951959721,0.9294037701724251,3.0797759703552486e-10,0
95,0.018171416836178768,0.981828582679399,4.844221920725702e-10,0
96,0.02365059395904482,0.9763494056509223,3.9003280908819483e-10,0
97,0.04914662106812604,0.950853378574823,3.5705093403381334e-10,1
98,0.9997730006999878,0.00022699929977738797,2.347976014588641e-13,1
99,0.021268054095414674,0.9787319455113854,3.931998066660023e-10,2
100,0.9999999999999998,1.803042189528077e-16,3.5113301537168425e-25,2
101,0.9999999999999969,3.096973583011653e-15,5.829678928262115e-24,1
102,0.009649734217062724,0.9903502653772864,4.0565086871178065e-10,0
103,0.049146621067923134,0.9508533785708972,3.61179651839764e-10,1
104,0.04914662106750766,0.950853378562859,3.696333634678429e-10,1
105,0.08624060673902284,0.913759392895815,3.651622076377202e-10,1
106,0.032091825310231255,0.9679081742832906,4.064782586860787e-10,0
107,0.010709491417364284,0.9892905082078299,3.7480566376473246e-10,1
108,0.9999999999999996,5.094164480286363e-16,3.6795444366494527e-25,2
109,0.042162765998303854,0.9578372336329283,3.687678300502133e-10,0
110,0.0393638987897679,0.960636100834504,3.757279930054764e-10,1
111,0.9999999999999998,1.3832024252990503e-16,3.2494386666425773e-25,2
112,0.999999999997736,2.2638964081185318e-12,8.42570088464749e-22,2
113,0.020114394787613395,0.9798856048489237,3.634628558415008e-10,1
114,0.9999999999999998,1.2118789079882852e-16,2.989884814994458e-25,2
115,0.9999999999999996,4.750703031508331e-16,3.6847139468343307e-25,2
116,0.9999999883796596,1.1620340362514329e-08,4.0638834209938685e-18,1
117,0.9999999111192143,8.888078575950352e-08,3.1084365414606915e-17,0
118,0.02042040568728777,0.9795795939081878,4.0452421064355557e-10,0
119,0.9999999101715543,8.98284457359713e-08,3.125047449895924e-17,1
120,0.9999999984100303,1.58996966402481e-09,5.316639608756657e-19,1
121,0.9999999999999998,2.7497908896626533e-16,2.8428902207693216e-25,2
122,0.9999999999999996,4.975054017649076e-16,3.198554223594744e-25,2
123,0.9999999999999993,5.79774459090108e-16,2.9068615129210967e-25,2
124,0.04914662106679976,0.9508533785491631,3.840372797081056e-10,1
125,0.999926602789609,7.339721036547745e-05,2.5458557253426842e-14,1
126,0.014899103530226105,0.9851008960712538,3.985200923157626e-10,1
127,0.04216276599898015,0.9578372336482923,3.5272741754251554e-10,0
128,0.049146621066457195,0.9508533785425353,3.910075061243771e-10,0
129,0.045201442296028675,0.9547985573403468,3.636243772877164e-10,0
130,0.010209444659144208,0.9897905549487351,3.921207289805358e-10,0
131,1.5148079514336666e-09,0.9999999984851919,5.925339857896381e-17,1
132,0.04914662106791185,0.950853378570679,3.6140916217431065e-10,2
133,0.059018326504919505,0.9409816731703575,3.247229311116001e-10,1
134,0.9999999999999996,3.4141377228019113e-16,3.00223438270627e-25,1
135,0.04914662106634327,0.9508533785403313,3.933256225710968e-10,1
136,0.00999750871244278,0.9900024909440928,3.4346440148489397e-10,1
137,0.9999999872212674,1.2778732650587892e-08,5.214581132655418e-18,2
138,0.014701947868787785,0.9852980517949375,3.362746083828301e-10,1
139,0.9999999999999742,2.580382295978096e-14,1.168599293556343e-23,2
140,0.08288719343615909,0.9171128062642849,2.995560329656217e-10,1
141,0.38075776608265005,0.61924223391735,3.6409341692708596e-17,2
142,0.011957594374063811,0.988042405298321,3.2761508705105583e-10,2
143,0.9961819843795526,0.0038180156188857757,1.5615385102919595e-12,1
144,0.9999999999999998,2.1670996284877898e-16,4.663747697982751e-25,2
145,0.05656923387432094,0.9434307657695761,3.5610305933352577e-10,1
146,0.042162765997543525,0.9578372336156555,3.8680099297611035e-10,2
147,0.0833056202186871,0.916694379436746,3.4456694363644184e-10,0
148,0.00948202925894371,0.9905179703386915,4.0236480632576755e-10,1
149,0.011761824171202957,0.988238175430078,3.987191120739994e-10,2
150,0.009649237101675303,0.990350762510979,3.873457243000512e-10,0
151,0.006416629735589056,0.9935833700678152,1.9659587069663968e-10,2
152,0.9999999999999996,4.761545389480953e-16,2.7230030754234265e-25,2
153,0.015941232636439737,0.9840587669998129,3.6374746739837073e-10,1
154,0.024174193043460517,0.9758258066363183,3.202211377965795e-10,2
155,0.9999999999999998,2.484759364388218e-16,3.340192889270898e-25,2
156,0.018160406346752846,0.9818395932756536,3.775936333464706e-10,0
157,0.04914662106643462,0.9508533785420986,3.9146667985543565e-10,1
158,0.04216276599966323,0.9578372336638101,3.3652663183620143e-10,2
159,0.9999999999999996,3.924987174737853e-16,2.882566274234048e-25,2
160,0.9999959853568817,4.014643116807149e-06,1.4199192140274301e-15,2
161,0.00964973421723076,0.9903502653945317,3.8823756637126477e-10,0
162,0.04520144229607493,0.9547985573413239,3.626011790545326e-10,2
163,0.2948989077742559,0.7051010917669605,4.5878361202977626e-10,0
164,0.9999999999999998,2.848049953338442e-16,3.6345413751134306e-25,2
165,0.9999999999999998,1.7571139694578172e-16,4.586781915043822e-25,2
166,0.9999999999999987,1.3350788748455304e-15,8.641236466874217e-25,2
167,0.9999995370598311,4.6294016868884273e-07,1.8753115940077504e-16,0
168,0.9999999999999996,4.814023367284515e-16,2.7840342678402876e-25,1
169,1.6027574624024908e-08,0.9999999839724252,1.1505334762307148e-16,1
170,0.9999999999999996,5.158014818242402e-16,2.8450912994798567e-25,2
171,0.999999999993914,6.086014857984293e-12,4.41293512416525e-21,2
172,0.04914662106876466,0.9508533785871784,3.4405681603316076e-10,2
173,0.04914662106692659,0.9508533785516169,3.8145665102439015e-10,0
174,0.049146621066976454,0.9508533785525815,3.8044209036269294e-10,0
175,0.9999999987416157,1.2583842890924644e-09,4.603157308105414e-25,2
176,0.009657019910555788,0.9903429796946842,3.947599138080806e-10,0
177,0.1295447614019556,0.8704552380831098,5.149346534445047e-10,0
178,0.9999999999999996,4.2687203923354225e-16,2.8128092857572546e-25,2
179,0.02365059395867539,0.9763494056356693,4.056552661896968e-10,1
180,0.018364172768681748,0.9816358268279974,4.033207292704434e-10,2
181,0.999999999999998,1.9603452106180387e-15,6.897584548762908e-25,0
182,0.020368456049449375,0.9796315435400069,4.105435546718365e-10,0
183,8.37158882646474e-09,0.9999999916284109,1.214002291940977e-16,0
184,0.9999999999999998,2.415646405572876e-16,2.9494087994885563e-25,2
185,0.9999999999999662,3.3684369432440854e-14,1.1749319776092316e-23,2
186,0.9999999999999991,9.370944626740911e-16,4.899456267540821e-24,2
187,0.04914662106641617,0.9508533785417417,3.918421589002521e-10,1
188,0.9999999138854473,8.611455269445295e-08,3.234633946113755e-17,0
189,0.9999999999999998,2.7179557154118646e-16,3.4612827214496802e-25,2
190,0.042162765998183305,0.9578372336301898,3.716269724344612e-10,2
191,0.9999999999999993,5.626558540847199e-16,3.526308176163783e-25,2
192,0.0491466210677917,0.9508533785683543,3.638540121134795e-10,0
193,0.04914662106613409,0.9508533785362842,3.975817243419048e-10,0
194,0.8212465051917796,0.1787534947318458,7.637461194184506e-11,0
195,0.014046644515005001,0.9859533550682351,4.167599139635956e-10,0
196,3.92143693619838e-06,0.9999960785630331,3.0693825947376634e-14,1
197,0.014899103530293578,0.985100896075715,3.9399146525470397e-10,2
198,0.042162765998451035,0.9578372336362719,3.6527703919558304e-10,1
199,0.04216276599891883,0.9578372336468991,3.541819479115947e-10,1
200,0.0452014422965971,0.9547985573523543,3.5104857284911565e-10,0
201,0.9999999999999991,8.306485639369289e-16,3.2501741278278355e-25,0
202,0.04914662106843266,0.9508533785807551,3.5081217617976094e-10,0
203,0.04061951434952202,0.9593804852602528,3.9022523245818547e-10,0
204,0.9759370293256464,0.02406297066459489,9.758720705032527e-12,0
205,0.018160406346415293,0.9818395932573949,3.9618989847955065e-10,1
206,0.009634705095975294,0.9903652945404061,3.636185672219698e-10,0
207,0.9999999999998406,1.5947048752690594e-13,8.594768489370673e-25,2
208,0.04914662106718533,0.9508533785566227,3.7619196459536505e-10,0
209,0.9999997648348786,2.3516512136734267e-07,3.010128993788992e-17,2
210,0.02493362843909098,0.9750663711743865,3.8652255247078607e-10,0
211,0.03810940740786211,0.9618905922507216,3.4141620918219307e-10,0
212,0.042162765998413086,0.9578372336354097,3.6617712090832865e-10,0
213,0.010209444659519177,0.9897905549850887,3.5539218566214956e-10,2
214,0.023650593958573805,0.9763494056314773,4.099488230951248e-10,0
215,0.9999999999999998,1.8609855205412524e-16,3.6501148794597554e-25,2
216,0.023650593958271505,0.9763494056189976,4.227308112372915e-10,0
217,0.014389819438030492,0.9856101801759534,3.8601621403724776e-10,1
218,0.9999998737782174,1.262217826040314e-07,5.635996285099058e-17,2
219,8.928826292924022e-07,0.9999991071173401,3.058841747077475e-14,0
220,0.049146621067252684,0.9508533785579258,3.748214749053005e-10,1
221,0.9999999999523188,4.7681100677848804e-11,2.0759221538020743e-19,0
222,0.1979670363976838,0.8020329631565337,4.457823764457458e-10,2
223,0.9999988807574326,1.1192425661194529e-06,1.2309963730816127e-15,2
224,0.056569233874390494,0.9434307657707374,3.5487221381249194e-10,1
225,0.9999996324751469,3.675248530176899e-07,1.2771195481163673e-16,0
226,0.08845136008473295,0.9115486396087545,3.0651243220984235e-10,0
227,0.9999999999990947,9.051877242074164e-13,3.4494159740773534e-22,2
228,0.9999999999999993,7.165437100518584e-16,2.895117169320488e-25,2
229,0.02047835342608592,0.9795216461908388,3.830751941969081e-10,0
230,0.14298408299354298,0.8570159159849782,1.0214790026150698e-09,2
231,0.9999999999999996,5.340080440963068e-16,2.7946639252179884e-25,2
232,0.023650593958865193,0.9763494056435065,3.976283746828452e-10,0
233,0.009632547626839927,0.9903674519652698,4.07890251959546e-10,0
234,0.9999999999999996,5.017345178656047e-16,2.892281734105909e-25,2
235,1.4902689349887805e-08,0.9999999850973105,1.2873858302601285e-16,2
236,0.9999999999999996,4.3414102569908824e-16,3.6079826437906254e-25,2
237,0.014899103530869597,0.9851008961138003,3.5533022684844734e-10,0
238,0.9999999999999678,3.2112800953988207e-14,3.970287850741863e-24,1
239,0.015514939587186556,0.9844850600042977,4.08515743077787e-10,1
240,0.032358557544524026,0.9676414420736538,3.818221374528901e-10,0
241,0.0491466210658201,0.9508533785302093,4.0397054906666644e-10,1
242,0.04216276599983931,0.9578372336678103,3.323503055672876e-10,1
243,0.035625765246013776,0.9643742343595585,3.944277655655107e-10,1
244,0.9999999999999989,1.1511820282878213e-15,2.2248545672578853e-24,2
245,0.9999999866642966,1.3335703466079011e-08,2.2942571406908642e-23,2
246,1.7862868877670493e-08,0.9999999821371309,1.2158725327915629e-16,2
247,0.9999919958829445,8.004117052424695e-06,3.0571114719827382e-15,1
248,0.04914662106612515,0.9508533785361111,3.977638442520977e-10,0
249,0.04216276599890623,0.9578372336466129,3.544808468807136e-10,0
250,0.011768885089103112,0.9882311144881553,4.2274164556214684e-10,0
251,0.9999999999999991,9.49507179495682e-16,3.4115936453410766e-25,2
252,0.04216276599816371,0.9578372336297447,3.720915929846771e-10,0
253,0.9999999978658269,2.1341731608053272e-09,3.5061830055438045e-18,2
254,0.999999963392652,3.660734778720994e-08,1.4238880634463486e-16,2
255,0.9999999999999998,1.6130706076043636e-16,2.818891581923793e-25,2
256,0.02109036410887512,0.9789096354955513,3.95573451023805e-10,0
257,0.049146621069408744,0.9508533785996398,3.309514215069356e-10,0
258,0.9999999999871461,1.2853835393600488e-11,6.464131309729857e-21,2
259,0.049146621069460376,0.9508533786006388,3.299009718614351e-10,1
260,0.049146621067342466,0.9508533785596629,3.72994534898226e-10,0
261,0.9999999999970148,2.9850836309904276e-12,1.1532677188937556e-21,2
262,0.049146621069575055,0.9508533786028575,3.2756736230220873e-10,2
263,1.0,5.975210884094233e-17,2.8996175274064903e-25,2
264,0.04914662106868444,0.9508533785856265,3.4568907755215534e-10,0
265,0.02365059396000733,0.9763494056906569,3.493356714315636e-10,0
266,0.049146621066631396,0.9508533785459056,3.874629264329137e-10,1
267,0.022218344062347357,0.9777816555624094,3.752432932003731e-10,1
268,0.9999999999999996,4.236782147848268e-16,3.2952085696043075e-25,2
269,0.0491466210676866,0.950853378566321,3.6599241924822757e-10,2
270,0.04914662106656019,0.950853378544528,3.889117683123066e-10,0
271,0.04914662106667573,0.9508533785467634,3.865608442950425e-10,0
272,0.25522703655267776,0.744772963061859,3.8546317908252893e-10,1
273,0.9999999999999991,9.67967008524399e-16,3.2736976744482734e-25,2
274,0.9999999999999996,4.50808615085771e-16,3.0105871004329277e-25,2
275,0.085467480022978,0.9145325196095254,3.6749644694922677e-10,2
276,0.025940972528562003,0.9740590267255307,7.459073162507954e-10,2
277,0.023650593959217904,0.9763494056580655,3.8271663032316006e-10,0
278,0.014899103531170693,0.9851008961337082,3.351212000431474e-10,1
279,0.17080330926557397,0.8291966866491112,4.085314914928253e-09,1
280,0.023650593958493234,0.9763494056281494,4.1335718546948334e-10,0
281,0.009668739056730997,0.9903312605394028,4.0386621794098407e-10,1
282,0.014702658822165237,0.9852973408211814,3.5665328305649676e-10,0
283,0.9999837907708673,1.6209229126847758e-05,5.787413569903319e-15,2
284,0.049308966977957565,0.9506910326636705,3.583719267294341e-10,2
285,0.9993281615417193,0.0006718384580458585,2.347653817253016e-13,1
286,0.6211695406862113,0.37883045918000136,1.3378737220984227e-10,2
287,0.14044730491965146,0.859552694517474,5.628746620643735e-10,2
288,0.04914662106889362,0.9508533785896734,3.4143294330954187e-10,0
289,0.9602078707619275,0.03979212922376269,1.4309684088743728e-11,1
290,0.010135721149507856,0.9898642784972881,3.532038752725103e-10,0
291,0.01959213305476163,0.9804078665430568,4.0218143480027454e-10,0
292,0.999994686400179,5.313599819392836e-06,1.7523609989076838e-15,2
293,0.04914662106662901,0.9508533785458594,3.875116813712339e-10,0
294,0.04914662106614149,0.9508533785364273,3.9743134002734986e-10,1
295,0.2027026937781149,0.7972973047659565,1.4559285515564244e-09,1
296,0.04914662106660096,0.9508533785453167,3.8808222118857446e-10,0
297,0.04914662106755837,0.9508533785638401,3.6860165156093227e-10,1
298,0.0491466210672698,0.950853378558257,3.744731209853561e-10,1
299,0.9998753165008359,0.00012468349911541637,4.8578299014122696e-14,2
300,0.07976668893563146,0.9202333107327797,3.315888184440062e-10,0
301,0.9999999999999996,4.4444933406359595e-16,1.2532962507192382e-24,2
302,0.9999999999999996,4.1322705510205927e-16,3.1295930313786533e-25,2
303,0.011187409790360477,0.9888125898004045,4.092351148041842e-10,0
304,0.010647949276778477,0.98935205035794,3.652814975467166e-10,2
305,0.015957480050587152,0.9840425195391357,4.1027718217726785e-10,1
306,0.2681280936229105,0.7318719043074449,2.069644633761061e-09,1
307,0.04914662106884912,0.9508533785888126,3.4233832028982583e-10,1
308,0.02365059395893542,0.9763494056464056,3.9465883730300596e-10,2
309,0.9956222089555811,0.004377791042851427,1.5676487029886283e-12,1
310,0.9999999999999996,4.825941467198005e-16,2.828719955040127e-25,2
311,0.018364172768925303,0.9816358268410161,3.900586923330711e-10,0
312,0.9999999999999996,3.398663682577371e-16,3.760285177169154e-25,2
313,0.04914662106723752,0.9508533785576325,3.751300516625765e-10,1
314,0.04914662106639041,0.9508533785412432,3.923664042261838e-10,1
315,0.9999463023208361,5.369767914213452e-05,2.1676688476387303e-14,1
316,0.023650593958816062,0.9763494056414783,3.997055532923399e-10,1
317,0.04914662106733526,0.9508533785595235,3.7314131125304003e-10,2
318,0.04914662106914403,0.9508533785945184,3.3633768564158514e-10,0
319,0.04914662106908199,0.950853378593318,3.376001419641998e-10,0
320,0.010319628199817792,0.9896803713858422,4.143399100825594e-10,0
321,0.9999999998254157,1.7458444952786695e-10,1.851335957138e-19,1
322,0.009997508712144047,0.990002490914509,3.733470924432301e-10,1
323,0.9999999999999996,4.964858590098056e-16,3.6201950890584093e-25,2
324,0.04914662106702124,0.950853378553448,3.79530827460421e-10,0
325,0.023650593959905087,0.9763494056864361,3.536588121178613e-10,1
326,0.02365059396023701,0.9763494057001385,3.3962431399271663e-10,2
327,0.0491466210665702,0.9508533785447217,3.8870817904345077e-10,0
328,0.03071363956202251,0.9692863600163909,4.215866262515228e-10,2
329,0.04914662106570705,0.9508533785280221,4.062708100818274e-10,2
330,0.9999997269739899,2.730260100332901e-07,1.0698741549632993e-16,1
331,0.023650593959129298,0.9763494056544085,3.864622249185474e-10,1
332,0.999997786365476,2.213634523451515e-06,7.643773444836626e-16,1
333,0.04914662106958886,0.9508533786031245,3.272867504533416e-10,1
334,0.04914662106695482,0.9508533785521629,3.8088218829162147e-10,1
335,0.014899103530135469,0.9851008960652612,4.0460329242646174e-10,0
336,0.04914662106639176,0.9508533785412693,3.923388323198615e-10,1
337,0.009105867755523998,0.9908941318700052,3.744709398186394e-10,2
338,0.04914662106801645,0.9508533785727026,3.5928090767161163e-10,0
339,0.008161047027009724,0.9918389526278067,3.4518363125456677e-10,0
340,0.042162765997584964,0.9578372336165969,3.8581821485408526e-10,0
341,0.049146621069271236,0.9508533785969794,3.337493305718176e-10,0
342,0.011187409790621652,0.9888125898234887,3.858896371063518e-10,1
343,0.9077091246227159,0.09229087499088541,3.86398599986245e-10,2
344,0.049146621067363824,0.9508533785600761,3.725599936219782e-10,2
345,0.9999999999865155,1.3484605804865006e-11,1.362169765068118e-20,2
346,0.04914662107011455,0.9508533786132951,3.1659026910745604e-10,2
347,0.04914662106703967,0.9508533785538045,3.7915590490490956e-10,1
348,0.04914662106723118,0.9508533785575098,3.752590543093609e-10,1
349,0.02365059395898174,0.9763494056483178,3.927004267601595e-10,2
350,0.030194092611358192,0.9698059070118699,3.767719909378221e-10,0
351,0.023650593960196323,0.9763494056984585,3.413452329593292e-10,1
352,0.049146621067354596,0.9508533785598976,3.7274783795229974e-10,0
353,0.0491466210685579,0.9508533785831782,3.4826378655676617e-10,1
354,0.010647949276475126,0.9893520503297534,3.937714571880919e-10,0
355,0.048224814673088715,0.9517751849472014,3.7970977091285283e-10,0
356,0.02365059395882423,0.9763494056418158,3.9935993686355e-10,1
357,0.9999963218526872,3.678147311539121e-06,1.2995416189120826e-15,1
358,0.04914662106932015,0.9508533785979257,3.3275410749279413e-10,0
359,0.9999999999999503,4.965273628230142e-14,1.8895326488674106e-23,2
360,1.0230409369315404e-07,0.9999998976959037,2.6878524718071948e-15,2
361,0.049146621067077415,0.9508533785545349,3.783877589280098e-10,0
362,0.045201442295173436,0.9547985573222815,3.8254508286340764e-10,0
363,0.8593441514457555,0.14065584849867788,5.556649784945334e-11,1
364,0.015243862068098529,0.9847561375461218,3.857796995389628e-10,0
365,0.011496751064382934,0.9885032485504868,3.851302208353047e-10,0
366,0.999999611132085,3.8886791470855446e-07,1.551640910711857e-16,0
367,0.999999999999998,1.9243523957564227e-15,6.642275991980371e-25,2
368,0.016013468006615666,0.9839865315970665,3.9631778816632547e-10,1
369,0.011187409790574003,0.9888125898192772,3.9014899500726193e-10,1
370,0.03880466652848799,0.961195333121643,3.4986914470012916e-10,1
371,0.04914662106790623,0.9508533785705702,3.6152359144362696e-10,1
372,0.10232161647579177,0.8976783831608357,3.6337243186832444e-10,1
373,0.9999999999999805,1.9531901403051117e-14,6.325181859276594e-23,1
374,0.018364172768787903,0.9816358268336718,3.97540376780026e-10,0
375,0.03185757319832024,0.9681424264251519,3.7652788955538303e-10,0
376,0.049146621067290126,0.9508533785586504,3.7405954425814424e-10,0
377,2.024793020790839e-05,0.9999797520697913,7.521900857922604e-16,1
378,0.04914662106651026,0.950853378543562,3.899277456912462e-10,2
379,0.9999999999999998,2.249557045769897e-16,3.059900636682752e-25,2
380,0.9999999999999998,1.3344679853768974e-16,3.107946181946807e-25,2
381,0.9999985689240675,1.4310759318446091e-06,6.747204632895311e-16,1
382,0.9999785190291808,2.148097080666582e-05,1.2586775687224405e-14,1
383,0.009195843762455736,0.9908041558337752,4.037690250448473e-10,0
384,0.7344180964542318,0.26558190344302857,1.0273949373481784e-10,2
385,0.9999998249671487,1.7503285119648734e-07,6.831230000644779e-17,1
386,0.00963404540594453,0.9903659542066209,3.8743456931486105e-10,0
387,0.049146621065754265,0.9508533785289355,4.053103278154449e-10,2
388,0.04914662106671929,0.9508533785476062,3.8567455988878683e-10,0
389,0.014899103530122616,0.9851008960644113,4.054660498854103e-10,1
390,0.9999999999999996,5.31682807644091e-16,7.763793521992722e-25,1
391,0.08943808597265858,0.9105619137199898,3.073513744496694e-10,1
392,0.0491466210669051,0.9508533785512011,3.818937779744976e-10,1
393,0.04520144229587829,0.9547985573371659,3.669557756190612e-10,0
394,0.04914662106744005,0.9508533785615508,3.7100909412644474e-10,0
395,0.9997470301098722,0.00025296989011933146,8.537269283586367e-15,2
396,0.02365059396010898,0.9763494056948511,3.4503998736597826e-10,1
397,0.010037651307219701,0.9899623483272556,3.655247425977449e-10,0
398,0.049146621068993,0.9508533785915964,3.3941073099414264e-10,2
399,0.9999999999999998,1.8078146887375071e-16,3.1826907956778353e-25,2
400,0.049146621069019056,0.9508533785921004,3.3888049555725277e-10,0
401,0.9999999999999998,2.0858322758002875e-16,4.1276704841520225e-25,1
402,0.9999999985692218,1.4307780508211384e-09,7.959469702225271e-19,2
403,0.9999967235162603,3.276483726664804e-06,1.3181869189555543e-14,2
404,0.9999968813794597,3.1186205353070936e-06,4.883408156666575e-15,1
405,0.02365059396008142,0.9763494056937155,3.462031596248289e-10,1
406,0.014702658821374526,0.985297340768192,4.1043340190750935e-10,0
407,0.049146621066006056,0.950853378533807,4.0018688371539365e-10,2
408,0.04914662106688774,0.9508533785508653,3.8224701328188025e-10,0
409,0.023650593959430758,0.9763494056668547,3.737145999805257e-10,1
410,0.15179658336273869,0.8482034162876225,3.496389047927141e-10,0
411,0.009891429030619051,0.9901085706167718,3.5260901230224364e-10,1
412,0.02365059395930847,0.9763494056618043,3.788872631906193e-10,1
413,0.9999999999999998,3.272098844656282e-16,2.6566464381685047e-25,2
414,0.01067922333251886,0.9893207762592464,4.0823474651037807e-10,1
415,0.014702658822128338,0.9852973408187087,3.591630581857783e-10,0
416,0.9999999999999836,1.6426536660542416e-14,5.842168557178575e-23,2
417,0.0579122558667908,0.942087743768484,3.6472524982155375e-10,2
418,0.08393737517563424,0.916062624473323,3.510428796135303e-10,1
419,0.03378320434242996,0.9662167952968846,3.606853480161196e-10,1
420,0.04914662106752888,0.9508533785632696,3.692015724911034e-10,1
421,0.009662683863320923,0.9903373157747448,3.6193434240415703e-10,2
422,0.9226719017104222,0.07732809826451283,2.5064912364413137e-11,2
423,0.9030476892617901,0.0969523107048469,3.336302375227799e-11,1
424,0.022840175027152833,0.9771598245918139,3.8103315642975534e-10,2
425,0.04216276599736183,0.9578372336115278,3.9111024630762946e-10,0
426,0.083819051529804,0.916180948143067,3.271289097722881e-10,1
427,0.9999999999999987,1.2632332148874012e-15,4.35028892843017e-25,1
428,0.04914662106720938,0.9508533785570881,3.7570266084910407e-10,2
429,0.9978194217275728,0.0021805782716558513,7.71389168843309e-13,0
430,0.04914662106727911,0.9508533785584371,3.742838494435106e-10,2
431,0.9999821978494322,1.78021505606393e-05,7.177741107338412e-15,1
432,0.049146621067234386,0.9508533785575719,3.751936780616162e-10,0
433,0.04914662106680037,0.9508533785491748,3.8402481242539407e-10,0
434,0.0491466210688213,0.9508533785882742,3.4290461026687006e-10,0
435,0.010450448949090842,0.9895495507042726,3.46636637068907e-10,1
436,0.014899103530386867,0.9851008960818831,3.877300551762081e-10,0
437,0.009421470910713905,0.9905785290025058,8.678041213745096e-11,1
438,0.9999463023208366,5.369767914213455e-05,2.141660259457638e-14,1
439,0.0491466210670288,0.9508533785535943,3.793768715390007e-10,0
440,0.01118740979100951,0.98881258985777,3.5122060135868266e-10,1
441,0.9999999999999996,4.103507625396164e-16,2.830350383984339e-25,1
442,0.04914662106770893,0.950853378566753,3.6553803359633736e-10,0
443,0.04914662106843387,0.9508533785807786,3.507875752286906e-10,2
444,0.04216276599921537,0.9578372336536358,3.4714890054584847e-10,2
445,0.010209444659124515,0.9897905549468269,3.94048494157102e-10,0
446,0.049146621066639945,0.950853378546071,3.8728914856658017e-10,0
447,0.08092158327625196,0.9190784163977853,3.259625936794972e-10,0
448,0.9999999999999998,2.195371061078139e-16,4.1072876839285896e-25,2
449,0.04914662106946984,0.9508533786008219,3.297084304126815e-10,0
450,0.04912977049537588,0.9508702291692951,3.35329066948441e-10,1
451,0.03239630106637646,0.9676036985472419,3.863816388238216e-10,1
452,0.0491466210667307,0.9508533785478268,3.854424737160259e-10,0
453,0.049146621068618376,0.9508533785843483,3.47033393687527e-10,1
454,2.8650270925911376e-05,0.9999713497289879,8.622829593399892e-14,1
455,0.999998534905326,1.4650946739132606e-06,3.722192633594162e-17,2
456,0.04914662106587288,0.9508533785312303,4.028967212228168e-10,0
457,0.042162765998560156,0.957837233638751,3.626888083654031e-10,2
458,0.9999967707160133,3.229283985461491e-06,1.1375290481109672e-15,2
459,1.4902689349887805e-08,0.9999999850973105,1.269474823106259e-16,1
460,0.01267176221713207,0.9873282373739294,4.0893860003912017e-10,1
461,0.0809215832739869,0.9190784163720597,3.539533055505678e-10,1
462,0.011883963128506508,0.9881160365297644,3.4172919393835876e-10,1
463,0.023650593958695714,0.9763494056365105,4.047936445076766e-10,1
464,0.9984344213719336,0.001565578627535705,5.305985537714878e-13,2
465,0.023650593959065568,0.9763494056517783,3.891560903930822e-10,0
466,0.9999999999999998,3.0012317863790745e-16,2.841904611528758e-25,2
467,0.04914662106580095,0.9508533785298388,4.0436032654437013e-10,0
468,0.009634045406122917,0.9903659542249597,3.689175148719514e-10,2
469,0.9999999999999851,1.493785302388082e-14,1.6985997926972784e-23,2
470,0.009635195914593591,0.9903648037374077,3.479989191549084e-10,0
471,0.056569233873819035,0.9434307657612064,3.6497450256542293e-10,0
472,0.04914662106694877,0.9508533785520459,3.8100537749879934e-10,0
473,0.16177451538539667,0.838225483726096,8.885074015160421e-10,2
474,0.9999999999999998,2.5134488321132004e-16,3.75969588342677e-25,2
475,0.9999999999999996,4.756375096699245e-16,3.0274569094367414e-25,0
476,0.049146621066673835,0.9508533785467267,3.86599521174642e-10,0
477,0.9999999999999996,3.636868654126201e-16,3.6784945741370135e-25,1
478,0.9999997561275857,2.438724141861573e-07,8.2498558655597245e-22,2
479,0.9999999999999996,4.798392938032746e-16,3.5984974704413416e-25,2
480,0.04914662106633496,0.9508533785401704,3.9349463140776726e-10,1
481,0.02417419304200564,0.9758258065775918,3.804024767226968e-10,1
482,1.7862868877670493e-08,0.9999999821371309,1.3581975604495526e-16,0
483,0.9999999999999998,2.0177203200852925e-16,2.916283168824233e-25,2
484,0.04914662106655225,0.9508533785443745,3.8907347647918386e-10,0
485,0.04914662106652339,0.9508533785438161,3.8966055533664097e-10,1
486,0.049146621069373696,0.9508533785989616,3.3166468878295006e-10,0
487,0.08092158327358866,0.9190784163675366,3.5887474102842853e-10,1
488,0.049146621067153624,0.9508533785560094,3.7683705563865765e-10,0
489,0.049146621067073085,0.9508533785544512,3.7847591743942885e-10,0
490,0.049146621066116974,0.950853378535953,3.979301275882793e-10,2
491,0.9999999999999825,1.7603034333510876e-14,6.455509852737906e-24,2
492,0.049146621066104075,0.9508533785357034,3.981925796445499e-10,0
493,0.01595748005057778,0.9840425195385571,4.108650533282084e-10,1
494,0.030844244077980195,0.9691557556006136,3.214061033348287e-10,0
495,0.009299372781337467,0.9907006268571085,3.615541722152792e-10,0
496,0.009632795030003983,0.9903672045733297,3.9666629434199336e-10,2
497,0.8939919620196483,0.10600803794356617,3.6785586608618e-11,0
498,0.00920645594036205,0.9907935436733604,3.8627759202134844e-10,1
499,0.9999024625782417,9.753742175820072e-05,1.7476874085628308e-16,2
500,0.04229044033069389,0.9577095593041195,3.651865920838875e-10,1
501,0.032358557544092115,0.967641442060738,3.951698370048888e-10,1
502,0.018364172768617494,0.9816358268245606,4.068220870493317e-10,0
503,0.039958981793091354,0.960041017056885,1.1500234782974248e-09,0
504,0.04914662106607084,0.9508533785350604,3.9886886477885714e-10,0
505,0.1234407411154412,0.8765592578397664,1.0447923425550337e-09,0
506,0.02365059395902222,0.976349405649989,3.9098868308138145e-10,0
507,0.04914662106643135,0.9508533785420352,3.915335053829332e-10,1
508,0.9999999999999523,4.7752590656284676e-14,1.6248952989304028e-23,2
509,0.9999759601872621,2.403981272957681e-05,8.33424286795685e-15,1
510,0.9999961978981364,3.8021018622728934e-06,1.35580986192715e-15,0
511,0.07540363891063624,0.924596360532194,5.571697606695945e-10,0
512,0.012671762217258119,0.9873282373837505,3.9899128922270726e-10,0
513,0.9999999999999993,6.444813999326454e-16,3.4615253449286494e-25,2
514,0.040392767378288716,0.9596072322938459,3.2786542382142155e-10,2
515,0.9999997786149158,2.2138508402053688e-07,7.727956961098657e-17,0
516,0.04914662106874033,0.9508533785867077,3.4455202113583946e-10,0
517,0.017451646942676632,0.9825483527154284,3.418951017357489e-10,0
518,0.049146621067476685,0.9508533785622597,3.7026352771157023e-10,2
519,0.1424330477876883,0.8575669483867513,3.825560350619451e-09,1
520,0.9999999999996743,3.2583546283874587e-13,1.7433084254840146e-22,2
521,0.04210542579450138,0.9578945738224268,3.830717887182309e-10,2
522,0.011405185190310021,0.9885948144604376,3.4925223684641694e-10,1
523,0.9999999999999998,2.7965885275511e-16,3.5955874073098575e-25,2
524,0.00042707781531326524,0.9995729221772611,7.425509072026696e-12,1
525,0.04914662106932029,0.9508533785979283,3.3275141683487717e-10,2
526,0.9999999999999998,3.1499196512689425e-16,3.4910495468467564e-25,2
527,0.010852024157485542,0.9891479754604429,3.8207145326728045e-10,2
528,0.04914662106645376,0.9508533785424689,3.910774589468181e-10,0
529,0.04914662106784977,0.9508533785694778,3.6267242596956636e-10,0
530,0.018364172769132478,0.9816358268520882,3.7877945484683946e-10,0
531,0.008869821841842441,0.9911301778016625,3.5649510807234413e-10,2
532,0.21689783540488103,0.7831021645951189,4.4813149937745255e-17,2
533,0.049146621069089846,0.95085337859347,3.3744014541802e-10,2
534,0.0148991035302489,0.9851008960727611,3.969899386888234e-10,1
535,0.049146621067305656,0.9508533785589507,3.737436599035132e-10,1
536,0.280619532999014,0.7193804666814207,3.195651847213969e-10,0
537,0.019632777997492065,0.9803672216268761,3.756318814724911e-10,2
538,0.00963235896390609,0.9903676406312902,4.048037561790408e-10,0
539,0.9973922452853679,0.0026077547137254805,9.06587452144888e-13,2
540,0.04914662106675915,0.9508533785483773,3.8486352202250464e-10,1
541,0.04914662106743622,0.9508533785614768,3.7108697431818353e-10,1
542,0.00989142902997468,0.9901085705522719,4.1775348622970934e-10,0
543,0.008811260181416638,0.9911887394743093,3.4427408483588674e-10,0
544,0.049146621067380124,0.9508533785603915,3.7222838876904966e-10,0
545,0.47528783889646514,0.5247121608795436,2.239913236303981e-10,2
546,0.04914662106769537,0.9508533785664907,3.658139310874271e-10,1
547,0.0564409758286859,0.9435590222679572,1.903356912482531e-09,1
548,0.9999999999999978,2.3301397100466332e-15,7.7824497597798645e-25,2
549,0.02365059395956746,0.9763494056724977,3.6793484297694485e-10,0
550,0.5182962161766455,0.48170378362187705,2.0147749369411096e-10,1
551,0.0491466210670775,0.9508533785545364,3.783860597201447e-10,0
552,0.049146621066882265,0.9508533785507592,3.8235851671807855e-10,1
553,0.9999999999999998,1.6555033585429483e-16,2.9528411249163544e-25,2
554,0.04914662106703138,0.9508533785536443,3.793242236371357e-10,0
555,0.023650593958845677,0.9763494056426991,3.984552355549247e-10,0
556,0.9999999999999798,2.0125271044183962e-14,5.679565607165139e-23,2
557,0.9873854951368097,0.012614504858843785,4.3465584081618916e-12,1
558,0.032358557544648094,0.9676414420773639,3.7798809133506767e-10,1
559,0.04914662106820375,0.9508533785763265,3.5546992110033826e-10,0
560,0.2605920341761353,0.7394079620568067,3.767057908730594e-09,1
561,0.04914662106821449,0.9508533785765342,3.552513988032516e-10,0
562,0.04914662106698009,0.950853378552652,3.803679846981181e-10,0
563,0.04914662106590461,0.9508533785318443,4.0225108922486045e-10,0
564,0.04914662106601586,0.9508533785339968,3.9998734298275174e-10,0
565,0.04914662106654946,0.9508533785443204,3.891301209866161e-10,0
566,0.04914662106536741,0.9508533785214509,4.131816726082863e-10,0
567,0.04914662106625002,0.950853378538527,3.9522298079758103e-10,2
568,0.010679223332844006,0.9893207762893669,3.7778912907607456e-10,0
569,0.05476256237298295,0.9452374357232989,1.9037182148398145e-09,0
570,0.04914662106651629,0.9508533785436786,3.8980511471870025e-10,1
571,0.049146621067492936,0.9508533785625741,3.6993294205598667e-10,0
572,0.0210729286904435,0.978927070928918,3.806383978753682e-10,0
573,0.049146621066598166,0.9508533785452628,3.881390956473136e-10,2
574,0.009631814964360531,0.9903681846627788,3.7286048505462926e-10,0
575,0.049146621067777035,0.9508533785680706,3.641524642754796e-10,1
576,0.04914662106622938,0.9508533785381277,3.956429283900473e-10,1
577,0.04914662106724798,0.9508533785578349,3.7491717868171226e-10,0
578,0.04914662106663408,0.9508533785459575,3.874083247793568e-10,1
579,0.9999997544785543,2.4552144559691406e-07,8.889613043066653e-17,2
580,0.04914662106737568,0.9508533785603056,3.72318865924665e-10,2
581,0.042162765999874625,0.9578372336686125,3.3151278510741305e-10,0
582,0.04914662106728766,0.9508533785586025,3.741098112253357e-10,0
583,0.04216276599918122,0.95783723365286,3.4795881864574003e-10,0
584,0.049146621067370326,0.950853378560202,3.724278138099939e-10,2
585,0.9999993699665292,6.30033470461377e-07,2.5402150989625016e-16,1
