,topology,centrality,position,label
0,0.44639338176965965,0.45611492683329474,0.0974916913970456,2
1,0.44612493349683435,0.45754445036437896,0.09633061613878678,1
2,0.44613370392330554,0.45755344528857606,0.09631285078811834,2
3,0.4570409113950855,0.4441783289085439,0.09878075969637046,0
4,0.44576606548917747,0.4578970440736389,0.09633689043718359,2
5,0.4569277689107155,0.44438218361425125,0.09869004747503336,1
6,0.4462471680945718,0.4574626337671597,0.09629019813826861,2
7,0.45657775527463235,0.4446675801805108,0.09875466454485687,1
8,0.45694767543747655,0.44440154357972533,0.09865078098279828,1
9,0.4569207485566882,0.44437535601377554,0.0987038954295363,0
10,0.4487044730595853,0.45541031660752956,0.09588521033288515,0
11,0.45667004809032047,0.44453489883894015,0.0987950530707393,1
12,0.4460426829848628,0.4576583264729132,0.09629899054222393,1
13,0.44604316234815805,0.4576588183195724,0.09629801933226965,2
14,0.4567170768360463,0.4445806778840322,0.09870224527992157,1
15,0.46036468393552055,0.4415260173530418,0.0981092987114375,1
16,0.48107184085910576,0.4134784320346345,0.10544972710625979,2
17,0.4820425180285057,0.4133251050663109,0.10463237690518346,2
18,0.4595358939329031,0.4422547232738399,0.098209382793257,0
19,0.45813413045175994,0.44338128263206905,0.09848458691617094,1
20,0.4451499463446308,0.4587714179057701,0.09607863574959902,1
21,0.45654865609537854,0.4447018792484897,0.09874946465613169,1
22,0.4569057787821895,0.44436079725518707,0.09873342396262341,2
23,0.44608782658917556,0.4575063936264684,0.09640577978435602,0
24,0.4603706941987637,0.44153178166921464,0.09809752413202166,2
25,0.4569061888354716,0.4443611960498879,0.09873261511464053,0
26,0.4448295082410541,0.4575032872054838,0.09766720455346209,2
27,0.4469289168827356,0.45583321802404575,0.09723786509321869,2
28,0.4447767947929672,0.4575760554995067,0.09764714970752605,2
29,0.4503139590938523,0.452977480891727,0.09670856001442062,0
30,0.4553494067120115,0.4461967913909057,0.09845380189708273,0
31,0.45654357528593154,0.4446342918025935,0.09882213291147483,1
32,0.471954002686071,0.42586975893779944,0.10217623837612948,0
33,0.4469765785825365,0.4557211326559285,0.0973022887615351,1
34,0.44837937483458506,0.4545205990612902,0.09710002610412462,2
35,0.49619684687177756,0.3950760267975562,0.10872712633066628,2
36,0.44613679011253377,0.4575566104753839,0.09630659941208236,0
37,0.4457266213148834,0.4567763630695343,0.0974970156155823,2
38,0.4301885707545973,0.4754306523660419,0.09438077687936085,2
39,0.44555689247100755,0.4579943977368964,0.09644870979209591,0
40,0.4464509467145792,0.4560055102833732,0.09754354300204757,2
41,0.4458229561634054,0.4578369056268791,0.09634013820971556,0
42,0.4569265826429494,0.4443810299171111,0.09869238743993962,0
43,0.44942746677584994,0.45484127315858086,0.09573126006556933,0
44,0.44582397523744344,0.4578379521627242,0.09633807259983239,2
45,0.4451691455307414,0.4572859587050255,0.09754489576423307,2
46,0.44943976023216015,0.4548537147019511,0.0957065250658888,0
47,0.46033934716554475,0.44150171739361754,0.09815893544083767,0
48,0.4461148048292031,0.4575340624319495,0.09635113273884749,0
49,0.45947069853381606,0.44228955791421193,0.09823974355197206,1
50,0.5007413935585362,0.3921996916959988,0.1070589147454651,0
51,0.4446868164524195,0.45769184732952417,0.09762133621805631,2
52,0.4542032934866707,0.44736302444199977,0.09843368207132952,1
53,0.447362821649131,0.456533369074917,0.09610380927595201,1
54,0.445270667346681,0.45711482733954734,0.09761450531377162,1
55,0.44672685169558796,0.4558800966903257,0.09739305161408629,2
56,0.4494470859967409,0.4548611287127428,0.0956917852905163,0
57,0.458993091218791,0.442640876343014,0.09836603243819496,1
58,0.45043576675122454,0.45281176227693387,0.09675247097184148,2
59,0.46542208029208587,0.4338456877827597,0.10073223192515453,1
60,0.458317626912316,0.44335959660050106,0.09832277648718293,2
61,0.4458139179264819,0.45780646317427515,0.09637961889924294,0
62,0.44942587156572833,0.45483965873254706,0.09573446970172475,0
63,0.4568918026473061,0.44434720485446083,0.09876099249823317,0
64,0.4504295427678421,0.4527625652827832,0.09680789194937472,1
65,0.45609332995984975,0.44425894637621544,0.09964772366393482,2
66,0.45523650657621245,0.4448335918227449,0.09992990160104265,2
67,0.445096288844338,0.45736165612564755,0.09754205503001429,1
68,0.4490947959257996,0.4539811060566672,0.09692409801753314,2
69,0.47235105369336405,0.426573575242026,0.10107537106460998,2
70,0.4606730212076986,0.44038880343781,0.09893817535449145,2
71,0.46028250688880323,0.44160331229599675,0.09811418081519989,2
72,0.4593503966665792,0.442416618129683,0.09823298520373772,0
73,0.45657785083022395,0.4446676732434627,0.09875447592631334,2
74,0.45657852321280273,0.4446683280864348,0.09875314870076256,0
75,0.4703750271549786,0.4281599796940352,0.10146499315098624,0
76,0.4567555691471087,0.4445024731215562,0.09874195773133507,2
77,0.4592107162868233,0.44252512106347536,0.0982641626497014,1
78,0.48147899290687607,0.4129965901871086,0.10552441690601529,1
79,0.45958678948382553,0.4422358617130497,0.09817734880312486,0
80,0.4816488647758736,0.41283215323297884,0.1055189819911476,2
81,0.4565439229398275,0.44470823303391216,0.09874784402626037,0
82,0.4456424947964893,0.4566318637772156,0.0977256414262951,2
83,0.4491156094225114,0.45392851437950216,0.0969558761979865,2
84,0.45691371651396895,0.4443685170455371,0.09871776644049396,0
85,0.4569132350280843,0.4443680487795148,0.09871871619240088,0
86,0.4572458499741248,0.44403875641554036,0.09871539361033477,2
87,0.446119392747233,0.4575387677875028,0.09634183946526412,0
88,0.4603674393769812,0.4415286600385836,0.0981039005844351,0
89,0.4494243304571782,0.45483809905979267,0.09573757048302917,2
90,0.44682371950592015,0.45581053138904354,0.0973657491050363,0
91,0.4603650704777369,0.4415263880774941,0.09810854144476913,2
92,0.4566250756312231,0.44463398439144247,0.09874093997733456,0
93,0.46034441139908067,0.44150657439273605,0.09814901420818331,2
94,0.44941629751684775,0.4548299693546073,0.09575373312854488,0
95,0.49484397459808366,0.3981453341093049,0.10701069129261145,0
96,0.45668669189973704,0.44455110037036577,0.09876220772989709,0
97,0.4569123644156139,0.4443672020709167,0.09872043351346943,1
98,0.47482975472096944,0.4234827251554783,0.1016875201235523,1
99,0.4459409458521648,0.4576860838619158,0.09637297028591947,2
100,0.4804687638489694,0.4140654522299525,0.1054657839210781,2
101,0.4708968303713244,0.42750683838178893,0.10159633124688675,1
102,0.45634916263756714,0.44481253151862143,0.09883830584381152,0
103,0.4569485917641452,0.44440243474737506,0.09864897348847963,1
104,0.4568634172467545,0.44431959881442973,0.09881698393881572,1
105,0.46034352202511863,0.4415057214130069,0.0981507565618744,1
106,0.4598769980106948,0.44198923799372974,0.09813376399557545,0
107,0.44577336046445526,0.4579045375727518,0.09632210196279296,1
108,0.4958486712650596,0.39535100683701385,0.1088003218979265,2
109,0.44616437893407174,0.45758490549150826,0.09625071557441994,0
110,0.46037361770281776,0.44153458554002994,0.09809179675715218,1
111,0.46619558708108,0.4314977998663064,0.10230661305261354,2
112,0.4459063176631708,0.4577093073633979,0.09638437497343123,2
113,0.45667896327884744,0.44455819922080414,0.09876283750034848,1
114,0.44516996084091737,0.4572364943830347,0.09759354477604797,2
115,0.44470406880333274,0.4578063385668797,0.09748959262978757,2
116,0.45664422268388655,0.4446130623000036,0.09874271501611001,1
117,0.4564910144511817,0.44475020811013916,0.09875877743867911,0
118,0.4459926350138204,0.4576219446049366,0.09638542038124287,0
119,0.4578896473841033,0.44356625298845165,0.09854409962744509,1
120,0.44872648239630414,0.4554320658264848,0.09584145177721104,1
121,0.45312543631208535,0.4475874248882771,0.0992871387996377,2
122,0.49020093721746916,0.4029568963684933,0.10684216641403749,2
123,0.4694115691143505,0.4283455520681918,0.10224287881745775,2
124,0.45691704277369855,0.4443717519781949,0.0987112052481066,1
125,0.4603649503685815,0.4415262728833472,0.09810877674807135,1
126,0.4565800012012987,0.44466976752048615,0.09875023127821514,1
127,0.446145543180077,0.45756558759631427,0.09628886922360881,0
128,0.45691740558212507,0.4443721048252131,0.0987104895926617,0
129,0.4460415096452701,0.4576571225777371,0.09630136777699275,0
130,0.4595598748798141,0.44223992037332455,0.09820020474686136,0
131,0.452689552768848,0.4509035878915853,0.0964068593395668,1
132,0.45694351678795536,0.4443974991116916,0.09865898410035305,2
133,0.4603937160381972,0.4415538614277884,0.09805242253401432,1
134,0.4785080846961867,0.4166172538220289,0.1048746614817845,1
135,0.45690314657061865,0.44435823731463364,0.0987386161147477,1
136,0.44570613867003744,0.4579032610313541,0.09639060029860848,1
137,0.4578245164217445,0.4435651994918909,0.0986102840863647,2
138,0.4485730018340573,0.4555425676796123,0.09588443048633052,1
139,0.4586472152455193,0.44293847607903863,0.09841430867544211,2
140,0.4494331626338849,0.45484703762896117,0.09571979973715394,1
141,0.44724631614354865,0.45535132405283824,0.09740235980361302,2
142,0.44944009264934665,0.4548540511234373,0.09570585622721599,2
143,0.4598016622725557,0.4419904804666456,0.09820785726079875,1
144,0.4492936102116301,0.45372745502783585,0.09697893476053408,2
145,0.4486457807570032,0.455475268823893,0.09587895041910378,1
146,0.4461443669348557,0.4575643812425939,0.09629125182255038,2
147,0.44940708465804596,0.4548206455176444,0.09577226982430956,0
148,0.4604210408933243,0.4415800681175716,0.09799889098910401,1
149,0.46039144700216417,0.4415516852433897,0.09805686775444601,2
150,0.4597365251494039,0.4420567721320513,0.09820670271854486,0
151,0.46407456677044023,0.43687535268307826,0.09905008054648147,2
152,0.4454288490077969,0.45697430249268867,0.0975968484995146,2
153,0.46042256304426615,0.4415815279802992,0.09799590897543452,1
154,0.44587711180202744,0.45778198698920325,0.09634090120876926,2
155,0.44524945207316463,0.457007944911837,0.09774260301499829,2
156,0.4487135129361148,0.45541949158411127,0.09586699547977397,0
157,0.456920080164477,0.444374705973199,0.09870521386232393,1
158,0.4461068339650412,0.4575258875365602,0.09636727849839874,2
159,0.47506830382228193,0.4211304950049994,0.10380120117271872,2
160,0.4457982593789628,0.4578065740120124,0.09639516660902483,2
161,0.4563988641511237,0.444860976564379,0.09874015928449735,0
162,0.44602988883824735,0.45764519914687013,0.09632491201488251,2
163,0.4894874280410011,0.40620676990886045,0.10430580205013844,0
164,0.44499146273145285,0.4573923161131111,0.09761622115543601,2
165,0.48177156844692265,0.4132564067245787,0.1049720248284987,2
166,0.45010132640124534,0.4533304365757983,0.09656823702295639,2
167,0.46038207224598376,0.4415426941133043,0.09807523364071198,0
168,0.46132960783858873,0.4375968630468291,0.1010735291145822,1
169,0.44899286923417847,0.45400110675181554,0.09700602401400606,1
170,0.4297077020407421,0.4761581131532202,0.09413418480603768,2
171,0.5069030254952018,0.3839628930266225,0.10913408147817566,2
172,0.45691719843705536,0.44437190336759846,0.09871089819534623,2
173,0.4569364824148245,0.44439065787702614,0.09867285970814947,0
174,0.4569245280321732,0.44437903171852194,0.09869644024930485,0
175,0.44932768475709123,0.4538505342269988,0.09682178101590996,2
176,0.46034214197256346,0.4415043978338322,0.09815346019360434,0
177,0.46013740671014897,0.4418266416648394,0.09803595162501162,0
178,0.46668699587664064,0.4312564090892976,0.10205659503406173,2
179,0.4566881682385983,0.4445525374782932,0.09875929428310841,1
180,0.45664477241703916,0.4445969121152505,0.09875831546771033,2
181,0.4573970377730015,0.4439913310492,0.09861163117779849,0
182,0.44938771446002185,0.4548010419860805,0.09581124355389757,0
183,0.44871161387550884,0.4542309076204105,0.09705747850408054,0
184,0.49447332605878536,0.39715205326525665,0.1083746206759581,2
185,0.45969868215310444,0.44209084419611305,0.09821047365078256,2
186,0.44989265687838803,0.45343543295164807,0.096671910169964,2
187,0.456930192168318,0.4443845403379571,0.09868526749372483,1
188,0.4565944647956535,0.4446454823416491,0.09876005286269754,0
189,0.473524095289028,0.42338065578721445,0.10309524892375746,2
190,0.44614829759969804,0.4575684125211659,0.09628328987913606,2
191,0.49798782037047085,0.3927750259290937,0.10923715370043541,2
192,0.4568835502252358,0.4443391790140781,0.0987772707606861,0
193,0.45693302731214464,0.4443872976389799,0.09867967504887545,0
194,0.46038335495375815,0.44154392433116163,0.09807272071508033,0
195,0.45620589281597673,0.4449712747079546,0.09882283247606873,0
196,0.47911281875965833,0.4187972290722689,0.10208995216807289,1
197,0.45658140839701084,0.44467113800843683,0.09874745359455236,2
198,0.44617241961472875,0.4575931519904944,0.09623442839477683,1
199,0.4461386983464111,0.4575585675545673,0.09630273409902158,1
200,0.44601016324923654,0.45762495987291774,0.09636487687784573,0
201,0.44504972573718793,0.4584208719735642,0.09652940228924795,0
202,0.45695102756639533,0.44440480367129787,0.09864416876230679,0
203,0.44881628736948886,0.45537846465948745,0.09580524797102373,0
204,0.46038116752981567,0.4415418264191904,0.0980770060509939,0
205,0.44872273676127566,0.4554288532584182,0.09584840998030615,1
206,0.45628040048449364,0.4448951911178573,0.0988244083976491,0
207,0.4504390623560518,0.45282591482592954,0.09673502281801867,2
208,0.45693180319283333,0.4443861071295612,0.09868208967760544,0
209,0.4483398206457377,0.45456045412885604,0.09709972522540619,2
210,0.4489725967337843,0.4551804804437047,0.09584692282251113,0
211,0.46038178542664904,0.44154241903095554,0.09807579554239543,0
212,0.4461719152406351,0.45759263470587264,0.09623545005349221,0
213,0.45955027480989197,0.4422306821121316,0.09821904307797655,2
214,0.45667152114515014,0.44453633275010296,0.09879214610474685,0
215,0.464684586274988,0.43325306315062473,0.10206235057438738,2
216,0.4566713441654327,0.44453616047328925,0.09879249536127804,0
217,0.44856920626813035,0.4555268500814365,0.0959039436504332,1
218,0.4605681293536374,0.4412519288840871,0.09817994176227547,2
219,0.47914406172858204,0.41882453885881793,0.10203139941259991,0
220,0.4568987170056009,0.44435392936946383,0.09874735362493522,1
221,0.44288310517261703,0.46083474553518256,0.09628214929220044,0
222,0.45581592055503756,0.44595783842051745,0.098226241024445,2
223,0.456614488657437,0.44606761503902886,0.09731789630353432,2
224,0.4486673107569552,0.4554971265631977,0.09583556267984707,1
225,0.4451360787918773,0.458316340017999,0.09654758119012376,0
226,0.4494152287090996,0.4548288876719936,0.09575588361890683,0
227,0.45815214816866545,0.4433622078429819,0.09848564398835259,2
228,0.44558755470078404,0.456940706326221,0.09747173897299481,2
229,0.44942440277244444,0.4548381722461691,0.09573742498138645,0
230,0.4987204766536669,0.3935792171254565,0.10770030622087655,2
231,0.4456498293034812,0.4568319007761391,0.09751826992037971,2
232,0.45669406745463137,0.44455827993373437,0.09874765261163419,0
233,0.4562591411289936,0.44481448463215445,0.09892637423885203,0
234,0.4874576668713456,0.40587035121564913,0.10667198191300521,2
235,0.4491140401379316,0.4539269282778326,0.0969590315842358,2
236,0.45615069850616347,0.44381964253196043,0.100029658961876,2
237,0.45657991346181076,0.44466968206974894,0.09875040446844038,0
238,0.4613617385620786,0.43910172227086425,0.09953653916705722,1
239,0.46035752167432586,0.44151914818003424,0.09812333014563991,1
240,0.45947174225335363,0.44229056260559774,0.09823769514104859,0
241,0.45689216652245246,0.44434755873891063,0.0987602747386369,1
242,0.4461415380072038,0.4575614799025198,0.09629698209027651,1
243,0.4603822732975758,0.4415428869376278,0.09807483976479651,1
244,0.46382413453696414,0.43634330992768194,0.09983255553535383,2
245,0.44949847353313865,0.4535201411405512,0.09698138532631015,2
246,0.4489505763524826,0.4540604320341426,0.09698899161337468,2
247,0.4604041813214813,0.4415638984593205,0.09803192021919832,1
248,0.4569374644235681,0.44439161292335844,0.09867092265307349,0
249,0.44614058557475644,0.4575605030905375,0.09629891133470618,0
250,0.4603955712747652,0.441555640745885,0.09804878797934985,0
251,0.4433008046253623,0.4598030709382692,0.09689612443636857,2
252,0.4461152912026939,0.45753456125520464,0.09635014754210136,0
253,0.46773945384570403,0.4317560989793714,0.10050444717492461,2
254,0.4965095026530999,0.3977190193542252,0.10577147799267501,2
255,0.4460898556340712,0.45640927500724776,0.09750086935868096,2
256,0.44943700521552127,0.4548509264983627,0.09571206828611607,0
257,0.4569258717906055,0.44438033858220377,0.09869378962719068,0
258,0.4462280622777658,0.458008037899557,0.09576389982267722,2
259,0.4569187416935712,0.4443734042518674,0.09870785405456138,1
260,0.45693829394020596,0.44439241966446713,0.09866928639532696,0
261,0.4566611544370767,0.44454752630563266,0.09879131925729066,2
262,0.45691197535103883,0.4443668236886488,0.09872120096031227,2
263,0.46086904763623043,0.438347014452037,0.10078393791173265,2
264,0.45691269226662656,0.44436752092032533,0.09871978681304809,0
265,0.45667671389399106,0.4445413875113914,0.09878189859461753,0
266,0.4569165914653029,0.44437131306109684,0.09871209547360028,1
267,0.46039500138652906,0.4415550941781485,0.09804990443532256,1
268,0.47508834896229457,0.42131692275474614,0.10359472828295925,2
269,0.45692294957506646,0.44437749660014314,0.09869955382479054,2
270,0.4569119945726017,0.44436684238245705,0.09872116304494133,0
271,0.45692958169773257,0.44438394662868785,0.09868647167357958,0
272,0.4612753161087109,0.4404432384968452,0.09828144539444385,1
273,0.4564398778126647,0.44474758855537627,0.09881253363195913,2
274,0.4574671394587784,0.44221374770716054,0.100319112834061,2
275,0.4603687706556416,0.4415299368397489,0.09810129250460947,2
276,0.4978079726710762,0.3943948419456209,0.10779718538330284,2
277,0.45670936940733864,0.44457317526577383,0.09871745532688742,0
278,0.4565760095168594,0.44466587996214596,0.09875811052099473,1
279,0.4436792140626608,0.46016205151671746,0.09615873442062176,1
280,0.4566780780503203,0.44454271541782703,0.09877920653185268,0
281,0.4564077290417167,0.4448265586171771,0.09876571234110616,1
282,0.45954741118697134,0.4422149080794289,0.09823768073359965,0
283,0.460373233573221,0.44153421712947,0.09809254929730891,2
284,0.4484467142927485,0.45569980404588645,0.0958534816613649,2
285,0.460077406905914,0.44177188432477293,0.09815070876931306,1
286,0.45900925752765726,0.4426216812753083,0.09836906119703438,2
287,0.43353063352987026,0.4730098493766667,0.09345951709346297,2
288,0.4569041534341468,0.44435921653332794,0.0987366300325254,0
289,0.45991791399171233,0.4418928676037633,0.09818921840452438,1
290,0.4562474482665574,0.4449034256886176,0.098849126044825,0
291,0.4567269155878446,0.44452234881660785,0.09875073559554756,0
292,0.44897564444142674,0.45406359331346796,0.09696076224510525,2
293,0.4569464405080492,0.44440034255699734,0.09865321693495353,0
294,0.45687847966347134,0.44433424767161583,0.09878727266491287,1
295,0.4455503086448569,0.4582211720762128,0.09622851927893028,1
296,0.45691505988170084,0.4443698235292457,0.09871511658905346,0
297,0.45686925603289946,0.44432527728860727,0.09880546667849335,1
298,0.45693799671254154,0.44439213059760024,0.09866987268985829,1
299,0.4597246015645901,0.4420640483473067,0.09821135008810312,2
300,0.4603739614332591,0.4415349152046157,0.09809112336212529,0
301,0.4497756992032086,0.45343090642538436,0.09679339437140706,2
302,0.4449036451912997,0.45751285793718943,0.09758349687151098,2
303,0.4565084273007251,0.4447253775251118,0.09876619517416299,0
304,0.4564924237248267,0.4447476500341763,0.09875992624099683,2
305,0.45656697115885636,0.4445977885091636,0.09883524033198009,1
306,0.4844022893362456,0.4111344280310613,0.10446328263269321,1
307,0.45690327261795594,0.44435835990116657,0.09873836748087757,1
308,0.45669806271026514,0.4445621690229497,0.09873976826678516,2
309,0.46039456313006116,0.4415546738556529,0.09805076301428586,1
310,0.48254488576173676,0.4123671595693569,0.10508795466890626,2
311,0.45666044209248746,0.44461216837074485,0.09872738953676767,0
312,0.45211163654267295,0.44870175866444967,0.0991866047928774,2
313,0.45696339783689793,0.44441683429887596,0.0986197678642262,1
314,0.4569016467920393,0.44435677871455426,0.09874157449340655,1
315,0.46041568052727244,0.44157492710402946,0.09800939236869817,1
316,0.4566741498090099,0.4445388915621552,0.09878695862883485,1
317,0.45692772950312394,0.4443821452886498,0.0986901252082263,2
318,0.4569269754251128,0.4443814119148958,0.09869161265999134,0
319,0.45689927716516454,0.4443544741490702,0.09874624868576527,0
320,0.45645616358789126,0.4447539490473481,0.09878988736476053,0
321,0.4523022132805193,0.44968764581092446,0.09801014090855625,1
322,0.44571314165400044,0.4579104556578476,0.09637640268815188,1
323,0.4662520862515617,0.43148401499352296,0.1022638987549153,2
324,0.45691147443941404,0.4443663365302471,0.09872218903033879,0
325,0.4566898054653471,0.44455413119881465,0.09875606333583824,1
326,0.4567069251479524,0.44457079595799237,0.09872227889405528,2
327,0.4569083676097643,0.4443633150029121,0.0987283173873236,0
328,0.45756804564470366,0.4434395792176058,0.09899237513769063,2
329,0.4569219178703623,0.44437649322232176,0.09870158890731605,2
330,0.4603390619470397,0.4416171867847276,0.09804375126823277,1
331,0.4566904678378462,0.444554775970008,0.09875475619214578,1
332,0.4603800140862041,0.44154072017585366,0.09807926573794226,1
333,0.4569410240974016,0.4443950748614124,0.09866390104118604,1
334,0.456942013239717,0.44439603684545437,0.09866194991482861,1
335,0.45656784780065857,0.4446579311504677,0.09877422104887379,0
336,0.4569389149107866,0.44439302358543964,0.09866806150377384,1
337,0.4490193630610982,0.4551647177850295,0.09581591915387243,2
338,0.4569234044656315,0.44437793900105715,0.09869865653331127,0
339,0.4464760228679595,0.45730159607699283,0.09622238105504768,0
340,0.44611072596048684,0.4575298791559101,0.09635939488360303,0
341,0.45691483048803316,0.44436960043389917,0.09871556907806778,0
342,0.45648561974802626,0.4447031586636893,0.09881122158828447,1
343,0.4549746013723288,0.4476667640034615,0.09735863462420957,2
344,0.4569539727053547,0.4444076679473845,0.09863835934726088,2
345,0.4952547524514801,0.39753358019641544,0.1072116673521044,2
346,0.4569451212440541,0.44439905951522396,0.09865581924072192,2
347,0.4568896025919247,0.44434506520464967,0.09876533220342566,1
348,0.45691960039985097,0.4443742393811759,0.09870616021897319,1
349,0.4567047157299371,0.44456864525111317,0.09872663901894975,2
350,0.45947002055429725,0.442249466137826,0.09828051330787663,0
351,0.4567128062469471,0.44457652077782145,0.09871067297523144,1
352,0.45689703764593476,0.4443522961189453,0.09875066623512009,0
353,0.4568985592114515,0.44435377590777153,0.09874766488077691,1
354,0.4564933844260491,0.4447485860181901,0.09875802955576067,0
355,0.4603532121853151,0.4415150150404036,0.0981317727742812,0
356,0.45666473935562524,0.44452973117390365,0.098805529470471,1
357,0.46036601615295736,0.44152729505456767,0.098106688792475,1
358,0.4568974820106948,0.4443527282830549,0.09874978970625041,0
359,0.4513307790818363,0.4521206756496435,0.09654854526852026,2
360,0.4484836692054008,0.45456515152667054,0.09695117926792851,2
361,0.45689544984521185,0.44435075191349227,0.09875379824129597,0
362,0.44602273061876047,0.457637854516242,0.09633941486499754,0
363,0.45976165049323836,0.4420065999773691,0.09823174952939272,1
364,0.4567731868958296,0.44456669159805856,0.09866012150611193,0
365,0.4452414670748941,0.45833300274454014,0.0964255301805658,0
366,0.4601849338767067,0.44165824439214446,0.09815682173114881,0
367,0.457719008874146,0.4436992828102914,0.09858170831556248,2
368,0.4603722583694047,0.4415332818321456,0.09809445979844972,1
369,0.4564996692052436,0.4447168454869577,0.09878348530779872,1
370,0.45625621610182815,0.4449132881846365,0.09883049571353524,1
371,0.4569656128879793,0.4444189885326594,0.09861539857936134,1
372,0.46036476735531945,0.441526097359204,0.0981091352854765,1
373,0.4616757455964369,0.4392314941244152,0.09909276027914785,1
374,0.4566287594643688,0.4445813216393683,0.09878991889626294,0
375,0.4494252991960892,0.4548390794681393,0.09573562133577147,0
376,0.4569192428928979,0.4443738916900718,0.09870686541703026,0
377,0.46423104724759867,0.43664844196645297,0.09912051078594836,1
378,0.4569084054174737,0.4443633517725584,0.09872824280996785,2
379,0.4455000936053711,0.45680210855280257,0.09769779784182636,2
380,0.4698243020236772,0.42711727111738274,0.10305842685894007,2
381,0.46127474789780304,0.44044269594743124,0.0982825561547658,1
382,0.45774805049800454,0.44379145839746287,0.09846049110453259,1
383,0.45978995536428974,0.44199526676002904,0.09821477787568121,0
384,0.4595153319752711,0.4422178817154219,0.09826678630930695,2
385,0.458537283702226,0.4430048557965133,0.09845786050126071,1
386,0.45626316159663255,0.4448626492399965,0.09887418916337103,0
387,0.45692109241016243,0.44437569042627595,0.09870321716356158,2
388,0.45689354190925285,0.4443488963625598,0.09875756172818721,0
389,0.4565548814916683,0.44464530307742656,0.09879981543090506,1
390,0.467058326964507,0.4323273948929123,0.10061427814258067,1
391,0.46037167286019476,0.44153272028266405,0.0980956068571412,1
392,0.45690813094690985,0.4443630848379644,0.09872878421512592,1
393,0.4460562283330099,0.4576722245629413,0.09627154710404874,0
394,0.45695570044590517,0.44440934825042316,0.09863495130367174,0
395,0.45034758142174586,0.45276322648579265,0.09688919209246151,2
396,0.4566846424355937,0.4445491053668847,0.09876625219752158,1
397,0.4568540408514712,0.44442561881043796,0.09872034033809093,0
398,0.45692071963026265,0.4443753278815651,0.09870395248817224,2
399,0.46403522470683867,0.43489742746066923,0.10106734783249213,2
400,0.45691030755623474,0.444365201685463,0.09872449075830235,0
401,0.46547966243699535,0.43300125324158667,0.10151908432141803,1
402,0.45673701100906255,0.44452638865431127,0.0987366003366262,2
403,0.4522241652426464,0.45145802548102126,0.0963178092763323,2
404,0.4403901153131698,0.46571613290363906,0.09389375178319123,1
405,0.45668834444616907,0.4445527090034786,0.09875894655035218,1
406,0.4595332779488333,0.4422013078970496,0.09826541415411703,0
407,0.4569020569170586,0.44435717757902266,0.09874076550391882,2
408,0.45694390056430323,0.44439787235092776,0.0986582270847689,0
409,0.45671621618450087,0.44457984010268603,0.09870394371281309,1
410,0.459375664321269,0.4423655544725331,0.09825878120619791,0
411,0.4564132227144444,0.4447749127710644,0.09881186451449117,1
412,0.4567404272780882,0.44460340783191116,0.0986561648900008,1
413,0.4594950555060975,0.43994400150879165,0.10056094298511091,2
414,0.4596983063923284,0.44204222857825143,0.09825946502942019,1
415,0.4595367851147146,0.44220468278503733,0.09825853210024804,0
416,0.45103854706926627,0.45235617862031585,0.09660527431041789,2
417,0.4603272606258395,0.4414901254493919,0.09818261392476861,2
418,0.4604021196469275,0.4415619211509244,0.09803595920214817,1
419,0.4604319679626116,0.4415905480382782,0.09797748399911038,1
420,0.45692696666262156,0.4443814033929908,0.09869162994438746,1
421,0.4563719441025789,0.4447985111004767,0.09882954479694445,2
422,0.4481360036023027,0.45589490518743087,0.09596909121026635,2
423,0.44940578664847136,0.45481933187223744,0.0957748814792913,1
424,0.4595785563697834,0.44223660400993686,0.09818483962027973,2
425,0.44612468209466294,0.4575441925270341,0.09633112537830289,0
426,0.4603708820550631,0.44153196183821236,0.09809715610672445,1
427,0.4576680542685643,0.44377807230870536,0.0985538734227303,1
428,0.4569460218887452,0.4443999354314666,0.09865404267978829,2
429,0.45982949888346253,0.44197378642818924,0.09819671468834815,0
430,0.4569164695256505,0.44437119446946666,0.09871233600488284,2
431,0.4604046282425789,0.4415643270918789,0.0980310446655422,1
432,0.45692617519367185,0.4443806336549183,0.09869319115140981,0
433,0.4569044082998118,0.4443594644013028,0.09873612729888535,0
434,0.4568978520681378,0.4443530881800578,0.09874905975180444,0
435,0.4568823508686259,0.4444075840158923,0.09871006511548183,1
436,0.45657836308672917,0.44466817213737064,0.09875346477590011,0
437,0.4610677687317693,0.4392571234855851,0.09967510778264557,1
438,0.46038813255185546,0.4415485064243022,0.09806336102384233,1
439,0.4569063677107351,0.44436137001388304,0.09873226227538187,0
440,0.45648627061585434,0.44470379273180993,0.09880993665233585,1
441,0.4633543825759375,0.43535606234086377,0.10128955508319876,1
442,0.4568889179638038,0.4443443993739429,0.09876668266225329,0
443,0.4569114623532682,0.44436632477594307,0.09872221287078867,2
444,0.44611604183775,0.45753533110436206,0.09634862705788805,2
445,0.45951076636772586,0.442192662669459,0.09829657096281506,0
446,0.45693974894233047,0.44439383471749133,0.09866641634017817,0
447,0.4573167851942234,0.44402721160003256,0.09865600320574386,0
448,0.46682638976830904,0.4324400663245973,0.10073354390709369,2
449,0.4569318628112206,0.44438616511104295,0.09868197207773644,0
450,0.46038400089721093,0.44154454384184544,0.0980714552609437,1
451,0.44595248936552523,0.4577035286061807,0.09634398202829403,1
452,0.4568810495835654,0.44433674703099124,0.09878220338544332,0
453,0.45692513328029005,0.4443796203487127,0.09869524637099722,1
454,0.48110618635274005,0.4164050813453662,0.1024887323018937,1
455,0.44914266453193946,0.4537781658561482,0.09707916961191239,2
456,0.45688921107202596,0.4443446844344725,0.09876610449350158,0
457,0.44616403933806986,0.45758455720282415,0.09625140345910604,2
458,0.46038734247483226,0.44154774867816393,0.09806490884700372,2
459,0.44910301109533646,0.45391578104354546,0.09698120786111793,1
460,0.4564969347586544,0.4446513393909201,0.09885172585042541,1
461,0.4573193776981336,0.44402972876607494,0.09865089353579141,1
462,0.44941904658675974,0.4548327515398345,0.09574820187340574,1
463,0.45672041507670474,0.44458392741721187,0.09869565750608332,1
464,0.4494216289309614,0.45483536499097227,0.09574300607806636,2
465,0.45666365587693564,0.4445286764866263,0.09880766763643811,0
466,0.4464188670538679,0.45577214063161187,0.09780899231452013,2
467,0.45693082726522943,0.44438515799740247,0.09868401473736801,0
468,0.4562843642639927,0.4448833221225931,0.09883231361341419,2
469,0.44866890381909097,0.45439539104853455,0.0969357051323746,2
470,0.4562808623188056,0.44491099932286504,0.09880813835832919,0
471,0.4486502902102438,0.4554798469220611,0.0958698628676951,0
472,0.4569276408800614,0.44438205909885625,0.09869030002108237,0
473,0.48173636866752134,0.4153314041707792,0.10293222716169939,2
474,0.46124773640239003,0.43756660130248415,0.10118566229512586,2
475,0.45968571143088605,0.4401729172478151,0.10014137132129895,0
476,0.4569136555156282,0.4443684577219903,0.09871788676238157,0
477,0.46793406460886633,0.4293389042383344,0.10272703115279933,1
478,0.4717594646565227,0.4271174878640057,0.10112304747947157,2
479,0.48021248966634794,0.41445684137305117,0.10533066896060082,2
480,0.456903898683319,0.44435896877703723,0.09873713253964392,1
481,0.44585840402990545,0.45776277972139906,0.09637881624869545,1
482,0.44892649802313084,0.4540360796505975,0.09703742232627169,0
483,0.4721319230081364,0.42440762980993374,0.10346044718192991,2
484,0.45692916166903313,0.4443835381324586,0.0986873001985083,0
485,0.4569036555740466,0.444358732342667,0.09873761208328648,1
486,0.4569217623006009,0.4443763419239438,0.09870189577545534,0
487,0.4573365586534698,0.4440464104448095,0.09861703090172053,1
488,0.45694605880128564,0.44439997133052206,0.09865396986819223,0
489,0.4569275038259244,0.44438192580773056,0.09869057036634518,0
490,0.45692693739044027,0.44438137492451785,0.09869168768504204,2
491,0.44781364764384024,0.45620716076228424,0.09597919159387547,2
492,0.4569181653834467,0.44437284376513625,0.09870899085141706,0
493,0.4565767493880301,0.44460731039607354,0.09881594021589629,1
494,0.4458153637652937,0.4578357609809697,0.09634887525373673,0
495,0.4456647321581566,0.45796840719712745,0.09636686064471603,0
496,0.45629502296960556,0.44487550288740724,0.09882947414298711,2
497,0.45938245342384276,0.442355706338525,0.09826184023763218,0
498,0.4603815472860154,0.44154219063531785,0.09807626207866679,1
499,0.46708041311582915,0.43328035531154263,0.09963923157262831,2
500,0.44940457826473196,0.4548181089322991,0.09577731280296903,1
501,0.45946001929584246,0.44227927800853506,0.09826070269562251,1
502,0.45667102403714854,0.44462247112729586,0.0987065048355555,0
503,0.4504195929042787,0.45215717587202015,0.09742323122370117,0
504,0.45691023355884297,0.4443651297197722,0.0987246367213849,0
505,0.4507738767772861,0.45184649447619507,0.09737962874651883,0
506,0.45668363850997523,0.444548128118705,0.09876823337131971,0
507,0.4569126173282053,0.44436744803944234,0.09871993463235236,1
508,0.4448976397075359,0.45853492275726493,0.09656743753519927,2
509,0.4602241162669669,0.4416720526000357,0.09810383113299741,1
510,0.4603857879914128,0.4415462578060419,0.09806795420254527,0
511,0.4555536881415028,0.44599542078428894,0.09845089107420825,0
512,0.4565334981298481,0.44468695398268626,0.09877954788746553,0
513,0.4357596815717632,0.4692801471038581,0.09496017132437858,2
514,0.4484249363652564,0.45563628168252684,0.0959387819522168,2
515,0.4484860302294453,0.4555931205833237,0.09592084918723094,0
516,0.4569163381093233,0.44437106666135684,0.0987125952293199,0
517,0.46037917512361637,0.44153991554460587,0.0980809093317777,0
518,0.4569312157562286,0.44438553582184276,0.09868324842192876,2
519,0.4442726431526544,0.45971466128495203,0.09601269556239339,1
520,0.4516987624554059,0.45147070708294196,0.09683053046165216,2
521,0.45786960534666415,0.4436051423914413,0.09852525226189461,2
522,0.46036091444600985,0.4415224021154939,0.09811668343849639,1
523,0.4449081036885692,0.4573859906183104,0.09770590569312051,2
524,0.45179224378375615,0.45169249511654525,0.09651526109969862,1
525,0.45688614767079466,0.4443417051431685,0.09877214718603691,2
526,0.5077669675897193,0.3816784652519594,0.11055456715832117,2
527,0.4491180770479054,0.45510957363977095,0.09577234931232358,2
528,0.45692699016212834,0.4443814262472861,0.09869158359058557,0
529,0.45693682028164695,0.4443909864672466,0.09867219325110645,0
530,0.4566421836441109,0.4445943916430594,0.09876342471282966,0
531,0.45726928767121117,0.44409980923236747,0.09863090309642134,2
532,0.45231562046232093,0.45117651490340643,0.09650786463427259,2
533,0.45692996857361634,0.44438432288235796,0.0986857085440257,2
534,0.4565377645023405,0.44462863259767493,0.09883360289998448,1
535,0.4568991487839556,0.4443543492927453,0.098746501923299,1
536,0.4592827370913293,0.4423959742898618,0.09832128861880884,0
537,0.4458525857218673,0.457811270957352,0.0963361433207806,2
538,0.4563054161025275,0.44483479857162606,0.09885978532584638,0
539,0.44942252479855654,0.4548362716501947,0.09574120355124875,2
540,0.4569149373953067,0.4443697044058853,0.09871535819880796,1
541,0.45692896722825616,0.4443833490303227,0.09868768374142119,1
542,0.456419550532406,0.4447810792328185,0.0987993702347754,0
543,0.4494294060145545,0.45484323575736835,0.09572735822807708,0
544,0.45691936127644106,0.44437400682323064,0.09870663190032827,0
545,0.4603550378155317,0.4415167659636755,0.09812819622079265,2
546,0.45687130456099484,0.4443272695715241,0.09880142586748114,1
547,0.44701373070413186,0.4574191586693319,0.0955671106265362,1
548,0.4485409375751415,0.45557820228530366,0.09588086013955492,2
549,0.45670537612971174,0.4445692881020035,0.09872533576828475,0
550,0.4591012051789847,0.44252925187775355,0.0983695429432617,1
551,0.4569135224898405,0.44436832834861006,0.0987181491615495,0
552,0.4569255486399657,0.44438002430411266,0.09869442705592171,1
553,0.46168680838792014,0.4376484230158446,0.10066476859623522,2
554,0.4568924205201376,0.44434780576273725,0.0987597737171252,0
555,0.45667936067722614,0.44454396396133067,0.09877667536144304,0
556,0.4493927127335482,0.454420121930999,0.09618716533545289,2
557,0.44943411873251465,0.4548480052447617,0.09571787602272373,1
558,0.45948647727352865,0.44230474663426345,0.09820877609220793,1
559,0.45689967980424984,0.4443548657331412,0.09874545446260904,0
560,0.4441729190848963,0.4597619821818448,0.096065098733259,1
561,0.4569374145149754,0.4443915643850753,0.09867102109994934,0
562,0.4568988576346007,0.4443540661372995,0.09874707622809978,0
563,0.45688677951615586,0.44434231964033943,0.09877090084350468,0
564,0.4568919584055404,0.4443473563361369,0.09876068525832274,0
565,0.4569099458036589,0.4443648498653056,0.09872520433103554,0
566,0.45689855186218914,0.44435376876029337,0.09874767937751738,0
567,0.4569075913383434,0.44436256004509916,0.0987298486165573,2
568,0.45971377950904885,0.44205710740400095,0.09822911308695007,0
569,0.4439036399638638,0.4599900295760589,0.09610633046007724,0
570,0.4569390232226625,0.44439312892346283,0.09866784785387456,1
571,0.4569002700427356,0.44435543976581116,0.09874429019145319,0
572,0.4595164576542439,0.44225434181886214,0.09822920052689399,0
573,0.45691905274005595,0.4443737067581397,0.09870724050180431,2
574,0.45637189756677393,0.444912112697144,0.09871598973608213,0
575,0.45693662455601997,0.44439079611553806,0.09867257932844202,1
576,0.45692834908114877,0.4443827478553011,0.09868890306355015,1
577,0.4568919136501714,0.44434731280958856,0.09876077354023993,0
578,0.45690338526154894,0.4443584694519736,0.0987381452864775,1
579,0.46028769345262033,0.44158688872482843,0.09812541782255114,2
580,0.45695363324879246,0.4444073378110728,0.09863902894013475,2
581,0.4461340413848742,0.4575537913881915,0.09631216722693421,0
582,0.4569207646930957,0.44437537170713565,0.09870386359976858,0
583,0.44614044051951085,0.4575603543222943,0.09629920515819476,0
584,0.45689505115888246,0.4443503641736487,0.09875458466746875,2
585,0.44909377104658776,0.4550999121224269,0.09580631683098549,1
586,0.45042264640275004,0.4529351657779576,0.09664218781929235,2
587,0.4569139582948064,0.44436875218794647,0.09871728951724718,1
588,0.4565793052134116,0.444669089687968,0.09875160509862038,2
589,0.4603941457539942,0.4415542735591075,0.0980515806868983,0
590,0.4568858976739083,0.4443414620102933,0.09877264031579845,1
591,0.4569229429294317,0.4443774901369735,0.09869956693359475,0
592,0.44696499853885585,0.45745137857582,0.095583622885324,0
593,0.45694108352117163,0.4443951326536204,0.09866378382520792,0
594,0.4590532273113244,0.4425738371651252,0.09837293552355039,0
595,0.4464353503887635,0.4573024257644885,0.09626222384674789,2
596,0.4494130505199061,0.4548266832443179,0.09576026623577591,2
597,0.456482149393321,0.4446997778831513,0.09881807272352759,0
598,0.45689000160203563,0.4443454532593849,0.09876454513857942,2
599,0.4569399036301461,0.44439398515813855,0.09866611121171544,1
600,0.44614741965792415,0.45756751210660435,0.09628506823547146,0
601,0.45670386299267185,0.44456781517373994,0.09872832183358825,2
602,0.4569139548350284,0.44436874882316146,0.09871729634181009,0
603,0.4569042333671745,0.4443592942716836,0.09873647236114187,0
604,0.4571585778613406,0.44418860085564543,0.09865282128301385,1
605,0.4563978865056467,0.44476483848864895,0.0988372750057044,1
606,0.44582614056122205,0.45775276785671265,0.09642109158206524,1
607,0.45957393908469324,0.4422404354386677,0.09818562547663894,0
608,0.45694012293967784,0.4443941984462231,0.09866567861409911,1
609,0.45690954317296645,0.44436445828939697,0.09872599853763656,0
610,0.46033115245563194,0.4414938580209128,0.09817498952345528,1
611,0.45701741389780265,0.44433046679875987,0.09865211930343737,1
612,0.44579957910228607,0.457812898605308,0.09638752229240599,0
613,0.45692169055538623,0.4443762721485935,0.09870203729602028,2
614,0.4569067584913458,0.4443617500650704,0.0987314914435837,0
615,0.4568977151627602,0.4443529550336071,0.09874932980363264,0
616,0.4633870355107246,0.4357551271184143,0.10085783737086125,2
617,0.4569256676782529,0.4443801400740387,0.09869419224770848,0
618,0.4578234831645567,0.44328982272823114,0.09888669410721236,1
619,0.4566798525775511,0.4445444427903279,0.098775704632121,0
