,topology,centrality,position,label
0,0.7320224205105188,0.010386890904243808,0.2575906885852373,1
1,0.9640015990661427,0.035821966099464454,0.00017643483439298298,2
2,0.9854264176348718,0.00825832992008819,0.006315252445040009,2
3,0.9820780374499841,0.011820972236760239,0.006100990313255577,1
4,0.6556034082225791,0.02844448825335757,0.3159521035240634,2
5,0.9901423723051921,0.004650566345611418,0.005207061349196377,2
6,0.9898406055222134,0.0024305623321761844,0.00772883214561036,1
7,0.1683965207280873,0.00035332972501717503,0.8312501495468956,1
8,0.9966968740728699,0.0032917491603741255,1.1376766755902051e-05,2
9,0.7254608744966328,0.03002586554807345,0.24451325995529374,0
10,0.9923223707174877,0.00764571932050808,3.190996200424991e-05,0
11,0.9934277900886549,0.002985745524802029,0.003586464386543245,2
12,0.9937514500607092,0.0034551256148889972,0.002793424324401902,1
13,0.4985725451508874,8.884914605867217e-05,0.5013386057030539,0
14,0.9609653168269477,0.00019352258136614162,0.038841160591686165,0
15,0.9834018730366937,0.01518415170713376,0.0014139752561725,0
16,0.18517920132770513,0.006585963381938443,0.8082348352903564,0
17,0.5227137519140244,0.0011664500960660536,0.4761197979899095,0
18,0.9846961740748107,0.0002827471348931183,0.015021078790296233,2
19,0.2492638354474103,0.0020668690318426572,0.748669295520747,1
20,0.9830018888379538,0.011486080930929706,0.005512030231116434,2
21,0.12386825547882871,0.02382686126693688,0.8523048832542345,0
22,0.8056216519922698,0.10592507346394629,0.08845327454378399,0
23,0.8643615913826482,0.016589379820909255,0.11904902879644255,1
24,0.8036494783749699,0.002069310043568802,0.19428121158146144,1
25,0.1329317952095625,0.0004202955367332267,0.8666479092537043,0
26,0.9408897027104738,0.05894177052429666,0.00016852676522947184,1
27,0.969703947043244,0.0025331396586865448,0.027762913298069524,1
28,0.5878314039378735,0.004764227065631854,0.40740436899649474,1
29,0.9935631218463141,0.00593487556512484,0.0005020025885611998,1
30,0.989465529877606,0.010534376796533443,9.332586038356784e-08,0
31,0.2638410357902514,0.004996358040032369,0.7311626061697163,0
32,0.8900816690254696,0.0025012433522545213,0.10741708762227577,1
33,0.8810554038596062,0.007979991582771254,0.11096460455762257,2
34,0.9897848360498255,0.008309310144159724,0.0019058538060147405,2
35,0.19873881699577364,0.0015876451292568192,0.7996735378749696,0
36,0.2619288195206215,0.0010642658240421826,0.7370069146553363,1
37,0.8280852571947146,0.1602352748493777,0.011679467955907652,1
38,0.35457439613362823,0.0008403483035015999,0.6445852555628702,1
39,0.9867629570935941,0.012141599713775762,0.001095443192630338,0
40,0.5133385108746196,0.0015322079609760893,0.48512928116440424,0
41,0.9946250333199042,0.005374560966717443,4.0571337838568605e-07,2
42,0.2913702550646893,0.018632666969964004,0.6899970779653468,1
43,0.052207372905766304,0.0005556531998918639,0.9472369738943418,1
44,0.9787758271883756,0.019583082882811218,0.0016410899288130838,2
45,0.3304962547059455,0.0011124526563359852,0.6683912926377186,0
46,0.05224139476331031,0.0009861820431944284,0.9467724231934953,0
47,0.3129071777424905,0.0065946836320408654,0.6804981386254686,1
48,0.9901395870651867,0.002364292079723595,0.007496120855089504,1
49,0.6973683648435451,0.008263191584020323,0.29436844357243447,0
50,0.7318993159270741,0.028281805055233183,0.23981887901769267,1
51,0.20650369884235234,0.003043160354503961,0.7904531408031438,2
52,0.9938470564330504,0.0061502203523384185,2.723214611115087e-06,2
53,0.1370964220623794,0.0013311046568709186,0.8615724732807497,0
54,0.932790717283999,0.06631869388812997,0.0008905888278710908,0
55,0.24005051987783949,0.04612638000526427,0.7138231001168963,0
56,0.05193477712982327,0.0006091436237078824,0.9474560792464689,2
57,0.9884961363549574,0.007243063874328697,0.0042607997707139415,0
58,0.5973327590911544,0.002519248957461129,0.40014799195138445,1
59,0.9294367460826841,0.01566993619483759,0.05489331772247837,0
60,0.9983898517708985,0.0012003766907874185,0.000409771538314254,0
61,0.414430148313147,0.00047810061727527616,0.5850917510695777,0
62,0.7729889958207888,0.011713829135701641,0.21529717504350956,0
63,0.9224364205334696,0.07744453245037389,0.00011904701615647224,1
64,0.45627013960301205,0.01084917760337326,0.5328806827936146,1
65,0.9904039024544421,0.009083731591615385,0.0005123659539424944,1
66,0.9728746937302267,0.02545806722421842,0.0016672390455549997,0
67,0.2046326779396489,0.03468478155151273,0.7606825405088383,2
68,0.4559870106442978,0.07547362377279575,0.46853936558290643,0
69,0.8964120707604631,0.014605171038398104,0.08898275820113871,1
70,0.994407595863665,0.0032653965959271677,0.002327007540407902,0
71,0.047146195139488284,0.0021329772161689233,0.9507208276443427,1
72,0.09821602042030794,0.001433599373126009,0.9003503802065662,1
73,0.9470932409809537,0.018582505723185167,0.03432425329586107,1
74,0.9983264953237649,0.001671302017721541,2.202658513399314e-06,0
75,0.12329760508060612,0.03504168185430504,0.8416607130650887,2
76,0.9981314053856287,0.0015142978421831541,0.00035429677218822513,1
77,0.8251294651301133,0.016720244377835123,0.15815029049205162,1
78,0.8801694141418331,0.013236748038136221,0.10659383782003067,2
79,0.9979660615330883,0.0020334921842939885,4.462826176245144e-07,0
80,0.9686913008969441,0.0005274805366093291,0.030781218566446666,1
81,0.9868627438778672,0.013089174604771063,4.8081517361641994e-05,0
82,0.9939873035226799,0.00570342785327786,0.000309268624042141,0
83,0.644217902762317,0.022640723485087732,0.3331413737525953,0
84,0.9988034391287525,0.0010421605752355557,0.000154400296012074,0
85,0.5739317101448953,0.001811562520871829,0.4242567273342328,1
86,0.8612298522133304,0.13876695801402178,3.1897726477989557e-06,0
87,0.9965841313281856,0.003408085722109679,7.782949704750872e-06,0
88,0.8393992683180932,0.1606006379308005,9.37511063674198e-08,2
89,0.9433983280352992,0.007016356991820639,0.049585314972880004,2
90,0.2903578003707363,0.0020663616253552746,0.7075758380039086,2
91,0.06469922754084145,0.0012026987344739696,0.9340980737246846,1
92,0.4552678679321398,0.0029577723907378236,0.5417743596771223,2
93,0.482162634208387,0.01438403053586674,0.5034533352557463,1
94,0.4984981821221556,0.0036053988853262985,0.497896418992518,0
95,0.2107868555905146,0.04349050406989493,0.7457226403395906,1
96,0.3929779893103445,0.001967949240640279,0.6050540614490153,1
97,0.5164273406961164,0.00183957575412257,0.481733083549761,0
98,0.9996589597412818,0.00033394446863799595,7.095790080223711e-06,2
99,0.35389622165368484,0.00754712058513925,0.638556657761176,0
100,0.9791075371227607,0.019631514749322603,0.001260948127916816,2
101,0.5571232974449964,0.017518670100300875,0.42535803245470266,1
102,0.4369120486590723,0.009532772780063044,0.5535551785608646,1
103,0.27256436420634705,0.06557897214996929,0.6618566636436837,1
104,0.973066853590597,0.02610821577078794,0.0008249306386150249,1
105,0.9637998393963844,0.0028624027293910432,0.03333775787422456,1
106,0.1424568721544863,0.0003166802959096654,0.8572264475496042,0
107,0.9675590053748601,0.0015008797211125337,0.030940114904027403,1
108,0.9985053406782902,0.00026883573124429,0.0012258235904654522,0
109,0.29358038372839035,0.05744999961105316,0.6489696166605564,1
110,0.9890652257511461,0.0005932641758831736,0.010341510072970617,0
111,0.24120593714619395,0.0022790996668653864,0.7565149631869406,0
112,0.15293781284210786,0.0003175537492342803,0.8467446334086579,0
113,0.41147886023569663,0.0005556969822842876,0.5879654427820191,0
114,0.6610426295918947,0.0136014424438121,0.32535592796429325,2
115,0.9473627752551785,0.009026716649191673,0.04361050809562983,2
116,0.32616990846553157,0.006439928107527539,0.6673901634269409,1
117,0.6836193056378391,0.005173009889851044,0.31120768447230973,1
118,0.9975890429949411,0.00241089166287349,6.534218542049605e-08,0
119,0.9870413685538058,0.012913465582247484,4.516586394671904e-05,2
120,0.17876537094774428,0.007556720014931944,0.8136779090373238,1
121,0.9954387161080869,0.00456116634576449,1.1754614867845741e-07,0
122,0.20802843852072667,0.0017387751747408372,0.7902327863045324,0
123,0.6962070322171962,0.01930236197663147,0.28449060580617236,2
124,0.1332668463687423,0.0006264408636454473,0.8661067127676123,0
125,0.9146328445553141,0.04673742335275358,0.03862973209193225,2
126,0.9948155080051818,0.005065919051220284,0.00011857294359784559,0
127,0.07093821205424418,0.006086667500197889,0.922975120445558,0
128,0.7165429337527804,0.008053404663832763,0.2754036615833868,1
129,0.14292870087663748,0.0014911286081521434,0.8555801705152105,0
130,0.9882027570215454,0.011766426440994779,3.0816537459882126e-05,0
131,0.9760621426312069,0.0041833826185600585,0.01975447475023299,1
132,0.09248039092186976,0.015671809724435493,0.8918477993536946,1
133,0.11211336069313077,0.00264646752618182,0.8852401717806874,1
134,0.5065396254535742,0.006462045115724561,0.48699832943070126,1
135,0.08118000031037825,0.0005519924236320921,0.9182680072659896,2
136,0.4025561638548744,0.0007675693930613449,0.5966762667520643,0
137,0.16996891106888737,0.00262823358561378,0.8274028553454988,2
138,0.979417399132718,0.015801007742103818,0.00478159312517813,1
139,0.7588117898712861,0.007373779133493525,0.2338144309952203,0
140,0.9321073618474737,0.04499683670781815,0.022895801444708194,1
141,0.9950441537572531,0.004952165083841895,3.681158904955583e-06,2
142,0.955051626024354,0.03754230086298113,0.007406073112664899,2
143,0.2812083010076517,0.001953544633398962,0.7168381543589494,1
144,0.9997799626560251,0.00021707531414502917,2.9620298299464656e-06,0
145,0.25708245959261283,0.09916682663966894,0.6437507137677182,1
146,0.2858988879361338,0.014445480918176634,0.6996556311456895,2
147,0.5170608045929077,0.007630357434045825,0.47530883797304635,2
148,0.4539947265351096,0.0048584940092695275,0.541146779455621,0
149,0.19466107089967627,0.0004497628395288486,0.8048891662607949,0
150,0.39747022634585755,0.0034845997060961816,0.5990451739480462,1
151,0.9941259266524993,0.0051525977201121835,0.0007214756273884758,2
152,0.5021404882153842,0.07019167894576658,0.4276678328388492,1
153,0.2874392132774229,0.0013720480696950714,0.7111887386528819,1
154,0.6450633816555797,0.0219139775399697,0.3330226408044506,2
155,0.9896706232876211,0.008513583164393677,0.001815793547985325,2
156,0.08565868111641946,0.0031326099373217326,0.9112087089462588,1
157,0.7357277062658442,0.006497725774814288,0.2577745679593415,2
158,0.9475454622424133,0.04394722565645808,0.00850731210112872,1
159,0.980057726365684,0.007445053791802084,0.0124972198425139,1
160,0.9826701269824859,0.01732305975629238,6.813261221577763e-06,0
161,0.9832455241625345,0.016412061779173648,0.0003424140582916903,0
162,0.9360643506405651,0.057006456247396003,0.006929193112038648,1
163,0.15628682268913419,0.05754769736904395,0.7861654799418217,1
164,0.9972966563907727,0.0026618719857548832,4.147162347249181e-05,0
165,0.9864879746672705,0.0028306529521197445,0.010681372380609679,2
166,0.839619690655864,0.00030219673858419214,0.16007811260555183,0
167,0.9361543397445067,0.06381759146049835,2.8068794994798094e-05,1
168,0.9525124391473686,0.009363130824107679,0.03812443002852376,1
169,0.1708392356251294,0.08274382746973769,0.746416936905133,2
170,0.23531890608050574,0.00030609104062709027,0.7643750028788672,0
171,0.1832559192384389,0.008277290086742491,0.8084667906748186,2
172,0.9391855831168151,0.022327954870749775,0.038486462012435066,2
173,0.8980114915930469,0.0955284753239961,0.0064600330829571485,2
174,0.27178718961219894,0.0013941592783034036,0.7268186511094977,1
175,0.9581803928106261,0.04181729044871113,2.3167406627967663e-06,2
176,0.6548986414571926,0.013966076879196997,0.3311352816636105,0
177,0.7226598093503507,0.15542376027992513,0.12191643036972413,2
178,0.06648268534066067,0.0001713450947324631,0.9333459695646069,2
179,0.13249854864905916,0.005187606643368557,0.8623138447075722,2
180,0.7557696894608646,0.006402384065708849,0.23782792647342646,0
181,0.9767936911924568,0.005457807351391208,0.017748501456152057,1
182,0.9120716618664794,0.026933301111969555,0.060995037021551,1
183,0.9938874134483003,0.006074312315818576,3.8274235881123566e-05,0
184,0.31561208131690377,0.015600903705776301,0.66878701497732,2
185,0.9673864807685214,0.0106257840407534,0.0219877351907252,2
186,0.3881626545897012,0.007652655311644705,0.6041846900986542,1
187,0.9958658035848981,0.004132460982706169,1.7354323957324868e-06,2
188,0.8240662857638896,0.002401203020018681,0.1735325112160918,0
189,0.9909610111892627,0.009019357747991332,1.9631062745850903e-05,2
190,0.15966853237026607,0.0004181732384581684,0.8399132943912757,0
191,0.6959128705014994,0.3039277101028416,0.0001594193956590187,0
192,0.386982879867346,0.009771461245291465,0.6032456588873626,0
193,0.09075145398438997,0.00042543440563132847,0.9088231116099788,1
194,0.9815075536462887,0.012962291464413182,0.005530154889298084,1
195,0.7885842040954436,0.004598408276059659,0.20681738762849675,2
196,0.597177187988623,0.016813822510334007,0.386008989501043,1
197,0.9904872141215326,0.009430509027356329,8.227685111096339e-05,1
198,0.23181491890764042,0.0011838401676331732,0.7670012409247264,2
199,0.39536014643906187,0.0006546215751383635,0.6039852319857997,0
200,0.9928045817921539,0.001803104758773529,0.005392313449072426,1
201,0.2996669710319526,0.0035345707738521494,0.6967984581941953,2
202,0.9951781701448726,0.004100996995234378,0.0007208328598929147,0
203,0.6393716983273361,0.0063611444929628095,0.3542671571797012,1
204,0.9976822631908159,0.0023071576575945146,1.0579151589641708e-05,0
205,0.09714538193003883,0.0002919217303031298,0.9025626963396581,0
206,0.11743609497845606,9.709633347036198e-05,0.8824668086880736,0
207,0.7173363087300278,0.015880370640995237,0.26678332062897686,2
208,0.11428032550168929,0.0017365704877912423,0.8839831040105194,0
209,0.14633402803390735,0.0020484502794634856,0.8516175216866291,0
210,0.22485628150541792,0.004563735771423435,0.7705799827231585,1
211,0.06045080053231065,0.0017644323057133288,0.937784767161976,0
212,0.9483785685977605,0.05157577855861136,4.565284362822717e-05,2
213,0.46018360041973894,0.0005910654743222415,0.5392253341059388,0
214,0.21890915639411163,0.002429295279975865,0.7786615483259125,0
215,0.8905006343993113,0.10875326754775795,0.00074609805293069,1
216,0.2708625273849907,6.677417366098455e-05,0.7290706984413483,2
217,0.9400100997383233,0.007091327957061137,0.05289857230461557,1
218,0.06583079557948047,0.0005431281874671367,0.9336260762330525,1
219,0.07687420722695949,0.0023937410617613972,0.9207320517112791,1
220,0.9951597904507063,0.00467540501802063,0.00016480453127301378,2
221,0.608257050429865,0.0009603870129359192,0.3907825625571991,0
222,0.32660230774590465,0.0027312253363103753,0.6706664669177849,0
223,0.7036365003516606,0.0013659523872428295,0.2949975472610966,1
224,0.9892570443677294,0.01073255225811663,1.0403374153855884e-05,0
225,0.38130815795281625,0.003092900958932254,0.6155989410882514,2
226,0.10391628804958926,0.0008452038289689736,0.8952385081214418,2
227,0.9878968410944791,0.004233251222179839,0.00786990768334128,2
228,0.33759171356008794,0.0004142694781297427,0.6619940169617823,2
229,0.8211220059425762,0.004992548020985456,0.17388544603643838,0
230,0.8844821812229018,0.008227427945475159,0.10729039083162305,0
231,0.9674762691638581,0.008803779008373565,0.023719951827768326,1
232,0.12392790111270947,0.0010408548731372263,0.8750312440141533,1
233,0.9871297820597674,0.01283034417711105,3.98737631216574e-05,2
234,0.9851097843317064,0.014861607849888065,2.860781840558205e-05,2
235,0.21585551570754358,0.008835029708677498,0.7753094545837791,0
236,0.961941423800551,0.010929932780925841,0.02712864341852302,0
237,0.8554605147888691,0.0008995035125112837,0.14363998169861955,0
238,0.2181974346761907,0.0034471341127058413,0.7783554312111034,2
239,0.19832166123810352,0.0007791562297491395,0.8008991825321474,0
240,0.9158601949186111,0.010405927653739528,0.07373387742764947,2
241,0.9403089206396301,0.005714752465074071,0.053976326895295704,2
242,0.12218784101294092,0.0012506961464574117,0.8765614628406018,0
243,0.908214378822647,0.08041759380524553,0.011368027372107452,1
244,0.5563904525177292,0.01084491769251298,0.43276462978975777,1
245,0.9954010314292248,0.0012705768207247141,0.0033283917500504857,0
246,0.8671216659752113,0.0036003960512472383,0.12927793797354148,2
247,0.2434148168521714,0.0008268125415683077,0.7557583706062603,0
248,0.9937524653570681,0.005195868772963605,0.0010516658699682721,0
249,0.23960511469128623,0.009085094528667634,0.751309790780046,1
250,0.2637107902804916,0.005716963577266182,0.7305722461422421,1
251,0.14010222078507953,0.000511633942800271,0.8593861452721202,0
252,0.10441204583377306,0.003873324994048586,0.8917146291721785,0
253,0.09477823544510078,0.03276249336573733,0.8724592711891618,2
254,0.9678220912775468,0.006077941447795432,0.026099967274657875,2
255,0.9942057839172607,0.005476054705921609,0.00031816137681777156,2
256,0.8613216768861073,0.018676920246318948,0.1200014028675736,1
257,0.591853552673236,0.022391306661627728,0.38575514066513633,0
258,0.5309648361417403,0.025305611739560304,0.44372955211869947,2
259,0.532590418892685,0.00022605613604773282,0.46718352497126725,0
260,0.11545029609136767,0.004303259255593308,0.880246444653039,1
261,0.9229696713418056,0.005099662933917773,0.07193066572427646,2
262,0.9990288273978448,0.0008192320540143511,0.00015194054814063768,2
263,0.41194636069511303,0.002355266242465626,0.5856983730624213,1
264,0.3078506862889395,0.002540049329111483,0.689609264381949,0
265,0.1586102489532319,0.017676155707073517,0.8237135953396947,2
266,0.07600933005003815,0.01540633504778925,0.9085843349021725,2
267,0.9930367236745447,0.006932994265730587,3.0282059724607725e-05,2
268,0.5902464203076903,0.005642938327215988,0.4041106413650938,1
269,0.11983052154732114,0.061406728451839504,0.8187627500008394,2
270,0.779021857626575,0.042661039530609554,0.17831710284281538,1
271,0.9794348179639857,0.020559153419950692,6.0286160636648486e-06,2
272,0.07422345615139211,0.0006004405624142261,0.9251761032861937,0
273,0.9728512207307451,0.01486106369147453,0.012287715577780169,0
274,0.9344358923784241,0.006540761627186448,0.059023345994389506,2
275,0.9958743831857096,0.0028117980620482813,0.0013138187522419868,2
276,0.12669773503507453,0.0001712346412789528,0.8731310303236466,0
277,0.9988492014241042,0.0011494670527771116,1.3315231187560088e-06,2
278,0.2364512433538066,0.012562023922940015,0.7509867327232533,2
279,0.8198874502970482,0.03124151800920438,0.1488710316937473,1
280,0.09078734315816586,0.00028950238177875577,0.9089231544600553,2
281,0.9637618395901622,0.03054199943254401,0.005696160977293823,1
282,0.855226053184757,0.011021229365389771,0.13375271744985337,0
283,0.7995928395285128,0.00905022565941055,0.19135693481207675,1
284,0.9747914304302309,0.009619276543712365,0.015589293026056727,2
285,0.5816582934675495,0.0014390806581352537,0.4169026258743153,0
286,0.13228785484901162,0.0004893891524030021,0.8672227559985854,1
287,0.22112049569417105,0.0006277970750111084,0.7782517072308178,1
288,0.9841624580591825,0.012711846162192238,0.003125695778625512,1
289,0.7431925602813239,0.012239730889255243,0.24456770882942092,1
290,0.12106354069457308,0.0015825666650748254,0.877353892640352,0
291,0.11862555364600527,0.0020269550286259124,0.8793474913253688,1
292,0.9952581597901617,0.004741770331774509,6.987806374663138e-08,2
293,0.8819680879771575,0.016763921146393124,0.10126799087644929,1
294,0.9832112562250498,0.01678448280941074,4.260965539451564e-06,2
295,0.19330438920863732,0.0007349882823120222,0.8059606225090505,1
296,0.936993474432434,0.002183371271807571,0.06082315429575846,1
297,0.12537990841431498,0.0006763258754896402,0.8739437657101954,0
298,0.9151907580006187,0.08363301238080398,0.0011762296185772881,1
299,0.39555527293975073,0.0004304741708545657,0.6040142528893946,0
300,0.1150522149604396,0.0019276470515608131,0.8830201379879996,2
301,0.993221887157236,0.006404137698346012,0.00037397514441783443,1
302,0.6839856433035475,0.0003105464496439563,0.31570381024680855,2
303,0.21261640183131944,0.0098838243243251,0.7774997738443553,1
304,0.21930828519196807,0.00044605241620024685,0.7802456623918317,2
305,0.9986613510867194,0.0013226927434083293,1.5956169872432057e-05,2
306,0.1457836609877314,0.0017413934963874372,0.8524749455158812,2
307,0.19256133324937388,0.0014699503480112217,0.8059687164026149,1
308,0.9251762240825132,0.021317060997067285,0.05350671492041949,2
309,0.9853053829610998,0.014536008346035455,0.00015860869286474114,0
310,0.14369022699142442,0.08253437154752394,0.7737754014610516,2
311,0.9369986738789898,0.0005036667228882913,0.06249765939812188,2
312,0.13144302660224763,0.12467029406625149,0.7438866793315009,2
313,0.9851419797876544,0.013975560411797906,0.0008824598005476313,2
314,0.3674032155833627,0.0014624804230033614,0.631134303993634,0
315,0.6764177194170774,0.0064239128175402425,0.3171583677653823,0
316,0.126009900321672,0.016871545044096988,0.857118554634231,2
317,0.9395687802043826,0.009598274317886107,0.05083294547773114,1
318,0.9567951232963597,0.0015538782251501443,0.04165099847848999,0
319,0.17533607278027738,0.004536982044943922,0.8201269451747788,0
320,0.5003905579206509,0.13874183028346324,0.36086761179588583,0
321,0.9778902242480108,0.002250664383919943,0.019859111368069417,1
322,0.14134193247757132,0.00022877568078013947,0.8584292918416486,2
323,0.995558963533143,0.004440633936800286,4.025300566639386e-07,0
324,0.9516755593449802,0.00971138483310419,0.038613055821915744,1
325,0.9726106070728384,0.002160816703522199,0.02522857622363936,1
326,0.34248806388184394,0.11490032949054936,0.5426116066276068,2
327,0.08027175695075414,0.00015206926126705992,0.9195761737879788,0
328,0.8149845983247724,0.0014353630988160804,0.18358003857641156,1
329,0.22363108306641236,9.984635706031109e-05,0.7762690705765273,1
330,0.2332201389714027,0.010862943716049693,0.7559169173125477,0
331,0.9293643307814953,0.0051312718358046475,0.06550439738269999,1
332,0.8578687275387394,0.0452264111286554,0.0969048613326053,2
333,0.9626921667214552,0.02273475701071171,0.014573076267833189,2
334,0.9178888357740013,0.08200835491276588,0.00010280931323292451,2
335,0.9875636425749214,0.0061961889051818575,0.006240168519896766,0
336,0.9854635429834763,0.005589108103882871,0.008947348912640938,2
337,0.13552116245862347,0.0001528450929017981,0.8643259924484746,1
338,0.9950894095540126,0.004899822656179352,1.076778980802398e-05,0
339,0.5976209373806711,0.013508487218649163,0.3888705754006796,1
340,0.7087454305807588,0.005578709413903406,0.28567586000533784,1
341,0.9588260323747019,0.021646990725652918,0.019526976899645256,2
342,0.979239229185818,0.007247074148787755,0.013513696665394162,2
343,0.9558663462593703,0.02389608981091336,0.020237563929716405,0
344,0.8761712898005262,0.037180939087098325,0.08664777111237558,0
345,0.7090224135062455,0.2663098544438427,0.024667732049911715,2
346,0.07505073869350462,0.004841387483175557,0.9201078738233199,0
347,0.13535511005074802,0.0006499455152206181,0.8639949444340316,1
348,0.9393606869211281,0.005400972569540373,0.055238340509331664,1
349,0.8478447030174092,0.00220207472207755,0.14995322226051325,2
350,0.4802471376002845,0.015556676566378541,0.5041961858333369,1
351,0.9975229108245585,0.00247510243643771,1.9867390038027493e-06,0
352,0.6841891244852554,0.30071027060419836,0.015100604910546258,2
353,0.9879205519021741,0.0032045698215016406,0.00887487827632441,1
354,0.8961334289039095,0.001614685173654423,0.10225188592243627,2
355,0.07200197205433016,0.0004126382526669107,0.9275853896930029,0
356,0.9915802156594424,0.007767831510816116,0.0006519528297414167,2
357,0.10294988287513468,0.0002541588783865574,0.8967959582464787,1
358,0.435235502486122,0.0033621897600440024,0.561402307753834,1
359,0.9837067406799624,0.011955751264355356,0.004337508055682183,1
360,0.08883375194157936,0.0003495141616710394,0.9108167338967496,2
361,0.16593065092804282,0.0007020915557764666,0.8333672575161808,0
362,0.8868004585092613,0.11085642175492773,0.0023431197358110612,2
363,0.2612500529470526,0.007325688291949802,0.7314242587609976,2
364,0.5356185651115648,0.005306645661274676,0.4590747892271606,1
365,0.9963480446208581,0.003288897033125083,0.0003630583460166934,0
366,0.8616160565772564,0.1376466621868428,0.0007372812359008244,2
367,0.9918667745345293,0.006001175928383977,0.002132049537086752,0
368,0.98697925548398,0.003217772889567206,0.00980297162645286,1
369,0.9770978850001734,0.005616842596831418,0.017285272402995253,2
370,0.3674316060293987,0.022221302373454866,0.6103470915971463,1
371,0.9227694806991011,0.0054682342356836755,0.07176228506521526,2
372,0.99241759620605,0.0074211010749629484,0.00016130271898710013,2
373,0.8344329337931241,0.048173160229654254,0.11739390597722175,1
374,0.9772599128299282,0.002446458512385819,0.020293628657686063,2
375,0.9880263255903438,0.010650271136272944,0.0013234032733834265,0
376,0.2799693061734493,0.011197497034885795,0.7088331967916649,0
377,0.5244607827020061,0.00957041179668794,0.4659688055013059,2
378,0.1545824375292088,0.0012703329957438358,0.8441472294750472,2
379,0.1717123543718051,0.0009765697744985873,0.8273110758536962,1
380,0.9971324758595664,0.0028506388805012426,1.6885259932169066e-05,2
381,0.08454267704124262,0.0033633381212864414,0.9120939848374708,2
382,0.13388911186891755,0.024935253099108354,0.8411756350319741,1
383,0.314293452555774,0.02082633272833235,0.6648802147158938,1
384,0.949013616462157,0.03554161889177635,0.015444764646066604,0
385,0.9958028652520221,0.0023385201461668444,0.0018586146018110068,0
386,0.1370990478805502,5.191519229470515e-05,0.8628490369271551,1
387,0.6578788210763622,0.0044305057905941626,0.33769067313304363,1
388,0.9951155191253819,0.004402314919202176,0.00048216595541603616,0
389,0.9654307175686353,0.006842247673890676,0.02772703475747402,1
390,0.9198605766057864,0.011398566162721972,0.06874085723149154,2
391,0.20335345017402406,0.016716498125633857,0.7799300517003422,0
392,0.9352859770582808,0.06471338072712354,6.422145957058454e-07,0
393,0.277108248025815,0.09880680900281448,0.6240849429713705,1
394,0.4557623027645669,0.0016326798556696605,0.5426050173797634,1
395,0.9633437635628322,0.020653427572265216,0.016002808864902483,1
396,0.19472168729038308,0.0049383834694715165,0.8003399292401455,2
397,0.15910218451641858,0.0017174436301148823,0.8391803718534665,0
398,0.5291141357402782,0.0010289715291213763,0.4698568927306004,1
399,0.9953884428757235,0.004476277607349602,0.00013527951692686856,2
400,0.4990299438424237,0.002809139146577225,0.4981609170109989,0
401,0.29232328106713845,0.0637431356509823,0.6439335832818792,1
402,0.8032163726051195,0.1967836148899752,1.250490528286723e-08,0
403,0.9899412343110036,0.003551019835812895,0.006507745853183646,1
404,0.998498388226281,0.0014490319583804667,5.2579815338553935e-05,0
405,0.9888982548043839,0.0026144380968614166,0.008487307098754693,2
406,0.10238333962011309,0.019888069665203213,0.8777285907146838,0
407,0.9795782961565568,0.005240894069068773,0.015180809774374431,1
408,0.28988218689219425,0.0005663585195036219,0.7095514545883022,2
409,0.059909381575064834,0.0005279355820729344,0.9395626828428623,1
410,0.9838237268918848,0.015986318961251918,0.00018995414686337348,0
411,0.23054783058189382,0.0019730231659514557,0.7674791462521547,1
412,0.9927482639116875,0.007128684503505675,0.00012305158480701477,0
413,0.9835476770167241,0.016366328883019195,8.599410025664255e-05,2
414,0.050508261363339434,0.0034344004754207,0.9460573381612399,1
415,0.730192527978526,0.006715572732954239,0.2630918992885198,0
416,0.18337007975072067,0.04391513369320466,0.7727147865560746,0
417,0.2870486835070513,0.002921212046336819,0.7100301044466117,1
418,0.10109257644563895,0.00023524191615912395,0.898672181638202,0
419,0.9684814587139174,0.031511903995680934,6.637290401678958e-06,2
420,0.150696665674826,0.004452545426030188,0.8448507888991437,1
421,0.9938488952072437,0.0028605001383071025,0.003290604654449141,2
422,0.844242201584881,0.14380279218584105,0.011955006229278076,1
423,0.2272709608777284,0.0009024957333002414,0.7718265433889714,1
424,0.12210635200770385,0.020288774491424234,0.8576048735008719,1
425,0.39959072652166183,0.011539040111042393,0.5888702333672957,1
426,0.9751046896735315,0.0028971318600255662,0.021998178466442884,0
427,0.9925173246021466,0.007481727076499648,9.483213538696669e-07,0
428,0.9283369761491692,0.04784977769466611,0.02381324615616458,0
429,0.9967020554921849,0.0030560997312529636,0.00024184477656200067,2
430,0.08462321040830788,0.001224435459288288,0.9141523541324039,2
431,0.14823067059118397,0.0010614926333803092,0.8507078367754357,2
432,0.989845894599525,0.006878636909174832,0.003275468491300208,0
433,0.09038512053561545,0.00020219855754292267,0.9094126809068417,0
434,0.3752987616776123,0.0013097983796790987,0.6233914399427086,0
435,0.9493626366935148,0.011905430822979811,0.038731932483505496,0
436,0.9510189781539882,0.048883814077232766,9.720776877910414e-05,0
437,0.9944979608468796,0.004040184192028492,0.0014618549610918793,2
438,0.9964549923757614,0.0035450026105361488,5.013702454921758e-09,0
439,0.9783421929450775,0.00602035832154495,0.015637448733377576,2
440,0.13341986086090224,0.00031547114881968043,0.8662646679902781,2
441,0.9845720883208898,0.003944213825088451,0.011483697854021644,0
442,0.38771314720023203,0.042283626798910304,0.5700032260008577,0
443,0.08394441468333454,0.00028368101942200706,0.9157719042972433,0
444,0.2505718649356602,0.00010985958899442732,0.7493182754753454,0
445,0.08510961787070831,0.0014269530110237005,0.9134634291182679,1
446,0.9759609190541157,0.023894706514821413,0.00014437443106266322,0
447,0.9957488601414346,0.0035741491339149126,0.00067699072465033,1
448,0.9466918761497014,0.05330804198243648,8.186786209691114e-08,0
449,0.08433952402535229,0.00022995568700363505,0.9154305202876439,0
450,0.9011962356477127,0.0988037611607878,3.1914995843154606e-09,2
451,0.9923348230608268,0.005055144567245544,0.002610032371927676,0
452,0.9394209787908404,0.006428504693935056,0.05415051651522454,2
453,0.9316676785536132,0.013610325916720465,0.05472199552966628,2
454,0.9704214633597044,0.028287027729484836,0.0012915089108107992,2
455,0.14568225330863951,0.0026701233303866837,0.8516476233609739,1
456,0.9905771829331276,0.009422638693765972,1.7837310655878488e-07,2
457,0.12217201096662303,0.0025730128927783434,0.8752549761405986,1
458,0.23517415091019178,0.0016700482947878672,0.7631558007950203,1
459,0.9947807845297493,0.0013765165091055168,0.0038426989611451473,2
460,0.3316230534917491,0.0022101847208118755,0.666166761787439,0
461,0.2790561705305298,0.00021324941691772502,0.7207305800525526,0
462,0.64422841399634,0.05358201501020472,0.3021895709934551,0
463,0.1482681661465665,0.00198365858893227,0.8497481752645013,1
464,0.9897402259202399,0.009065852016972126,0.0011939220627879689,2
465,0.2577394956709119,0.13724388330379264,0.6050166210252954,1
466,0.9199863453911223,0.07971975324869429,0.0002939013601833384,0
467,0.7380580801970478,0.01563031726763414,0.24631160253531814,1
468,0.043736205017063955,0.00015501973605059848,0.9561087752468854,1
469,0.08265781658894293,0.002611708879822222,0.9147304745312348,2
470,0.9938987691857902,0.005711335133818328,0.0003898956803914213,0
471,0.12326497413559848,0.02701095097974073,0.8497240748846608,2
472,0.385844786777604,0.01636090840681458,0.5977943048155815,0
473,0.9396132083049308,0.009899893646859184,0.05048689804821006,1
474,0.1696839242149772,0.0017784623560597886,0.8285376134289631,0
475,0.19933021958195715,0.001386123900979582,0.7992836565170633,2
476,0.9675703673996935,0.011563881226662588,0.02086575137364395,1
477,0.11356918939350366,0.001182228685397483,0.885248581921099,2
478,0.2982159380759066,0.005886505503703927,0.6958975564203895,2
479,0.19954955914972491,0.01942500680979086,0.7810254340404843,1
480,0.997420184565321,0.002141625887891111,0.0004381895467877215,0
481,0.12368740746228112,0.0005985577280419417,0.875714034809677,1
482,0.32883914968710914,0.04263624042296021,0.6285246098899305,1
483,0.060827338806605145,0.0008029522738292963,0.9383697089195656,1
484,0.10955659530911183,0.0008024936246274346,0.8896409110662608,2
485,0.9925279310371999,0.006463859279879012,0.0010082096829208877,1
486,0.9926247793455736,0.0017721454506172628,0.005603075203809113,0
487,0.9680391070891508,0.03083908154276414,0.001121811368085273,2
488,0.14947261087668376,0.0004851986879971217,0.8500421904353191,0
489,0.5901632763508391,0.0037143288762543445,0.40612239477290657,1
490,0.2165319171939883,0.0018053128856266249,0.7816627699203851,1
491,0.23232440656600145,0.031888059123376195,0.7357875343106223,1
492,0.9788373689803151,0.006460485323401368,0.014702145696283538,2
493,0.9117236357600618,0.001905596827750885,0.08637076741218751,1
494,0.33004201144744505,0.001330835639090727,0.6686271529134643,1
495,0.9781551214448189,0.00909771802934385,0.012747160525837156,2
496,0.219605529509165,0.0009269799409103619,0.7794674905499247,1
497,0.9403140632949387,0.0032656231950927996,0.05642031350996853,1
498,0.09066454187022562,0.0012303589842288748,0.9081050991455455,2
499,0.9970970617917505,0.0024035525089662756,0.0004993856992831701,2
500,0.9870287627609987,0.01283873063526883,0.0001325066037324108,2
501,0.2871194474906544,0.02427064790762726,0.6886099046017184,0
502,0.5263421421201945,0.0017486935312374398,0.471909164348568,1
503,0.036719455949882254,0.0011106833744027776,0.962169860675715,1
504,0.3196458824909871,0.0009306477632067151,0.6794234697458063,0
505,0.9760568882451798,0.023931862742513264,1.124901230699922e-05,2
506,0.9746042471164383,0.018496502673636627,0.006899250209924978,0
507,0.9640144800950669,0.03201322777388004,0.003972292131053182,2
508,0.3406178342349265,0.048744500127516466,0.6106376656375572,0
509,0.11875038528500394,0.0003609993861676104,0.8808886153288286,0
510,0.8642950553489879,0.10528988869858438,0.03041505595242765,2
511,0.6881623803811934,0.12180248317477624,0.1900351364440304,2
512,0.12708146222205996,0.0002661210884650347,0.8726524166894749,1
513,0.9612914477562451,0.0017915676164300936,0.03691698462732489,0
514,0.485903928778984,0.003492241053192891,0.5106038301678231,1
515,0.8591640010970806,0.007097152165798379,0.13373884673712097,2
516,0.9016970663675028,0.030947099083838678,0.06735583454865848,1
517,0.7277477040933185,0.0013444181990432615,0.27090787770763824,0
518,0.974425608553205,0.02299908829057519,0.0025753031562199343,2
519,0.3907341096606699,0.013149751600903094,0.5961161387384271,2
520,0.8985017623777497,0.0038362273732671127,0.09766201024898341,2
521,0.9980514298985746,0.0019435901071338535,4.979994291402878e-06,0
522,0.38982223435000696,0.005655626121808487,0.6045221395281847,0
523,0.6960488977530785,0.0016654436482335614,0.30228565859868795,2
524,0.9500940515639323,0.02748591110810956,0.02242003732795823,2
525,0.1581375868602459,0.0002496340779152367,0.841612779061839,2
526,0.9773079061043268,0.02263534704561234,5.6746850060954524e-05,0
527,0.2851060234637348,0.002581811138780681,0.7123121653974845,0
528,0.5477645119157356,0.006415665169033587,0.44581982291523076,1
529,0.9603890883023716,0.03960017475950234,1.0736938125982117e-05,2
530,0.5443835995294483,0.001339276918625584,0.4542771235519261,0
531,0.12055170109332689,0.0003676606726894402,0.8790806382339837,1
532,0.9617027593036795,0.02969488538590475,0.008602355310415652,2
533,0.5090252950725458,0.001639509437067119,0.489335195490387,2
534,0.9988976003238609,0.0010991364109065112,3.2632652324581087e-06,2
535,0.4214876313781104,0.0039208405452474445,0.574591528076642,2
536,0.9296981819775301,0.009545556377202677,0.060756261645267366,2
537,0.621273123080035,0.010583097957996218,0.36814377896196876,2
538,0.9980959291988598,0.0019009171618654095,3.153639274917445e-06,0
539,0.960378630372782,0.004402222784263035,0.035219146842954775,2
540,0.5168172228501612,0.001021363473368188,0.4821614136764707,2
541,0.9846488586958217,0.0033178947541503494,0.012033246550027837,2
542,0.13659435107739573,0.0007584028137404032,0.8626472461088638,0
543,0.19656798109748413,0.012389452274047337,0.7910425666284685,1
544,0.17936535058601902,0.003412920213204281,0.8172217292007768,1
545,0.5210239931415225,0.004642235022671709,0.4743337718358058,2
546,0.9797588501399218,0.004046082009876141,0.016195067850201982,0
547,0.7751950069469478,0.22480469243219678,3.0062085549039717e-07,0
548,0.9632533447484579,0.033242959939011496,0.0035036953125305347,0
549,0.762747293076905,0.01981892639323564,0.2174337805298592,0
550,0.9709460645469447,0.02887185252226336,0.00018208293079204025,2
551,0.9978450296661032,0.0021360918480008585,1.8878485895939645e-05,0
552,0.9976856179940652,0.002311030572200824,3.3514337341238718e-06,2
553,0.9435733791282604,0.05627082792800968,0.0001557929437299989,0
554,0.5630553033182004,0.01772954958519179,0.41921514709660773,0
555,0.9939790819567783,0.003084850521332934,0.0029360675218887797,1
556,0.12948310556569323,0.0016245484014326785,0.8688923460328741,1
557,0.12900379621099764,0.0009290018336176727,0.8700672019553848,2
558,0.9963168296747689,0.0036826885568212735,4.817684098893402e-07,2
559,0.9937505602829588,0.0014670258400111022,0.004782413877030059,1
560,0.6770040840134623,0.32280848863633754,0.0001874273502000505,1
561,0.9868596269008914,0.011621636609852458,0.0015187364892562817,2
562,0.8210164690865007,0.17740292988392742,0.0015806010295718728,2
563,0.999516905501469,0.00047824739373067264,4.847104800417472e-06,2
564,0.490869986771883,0.001300669631369813,0.5078293435967471,1
565,0.0411291247267262,0.007138715376405635,0.9517321598968682,1
566,0.25935908316885603,0.001124869462852807,0.7395160473682911,2
567,0.9130183979178298,0.020613135372458298,0.06636846670971197,2
568,0.9978965927096171,0.0015513004046564143,0.0005521068857264461,0
569,0.537997416282938,0.004192714063744018,0.4578098696533181,2
570,0.3470050588717988,0.005950596851463969,0.6470443442767373,1
571,0.07312459264858237,0.000595900931655054,0.9262795064197626,1
572,0.2978830044540722,0.001832325862309245,0.7002846696836186,1
573,0.8522794352793182,0.034394629238359585,0.11332593548232232,0
574,0.11706429130164465,0.0008901706181519646,0.8820455380802034,1
575,0.995079162240512,0.0048052818576467945,0.000115555901841141,2
576,0.37892879086921416,0.10488968770392991,0.5161815214268559,1
577,0.5275613800282645,0.004681131492894638,0.46775748847884097,0
578,0.21845266567563004,0.15035251398295815,0.6311948203414117,2
579,0.995681786532225,0.004295665734335926,2.254773343906461e-05,2
580,0.9145057798934144,0.03817543338132174,0.047318786725263864,1
581,0.8084792186447265,0.07112589789617671,0.12039488345909671,0
582,0.6138416507393852,0.0015990227317371458,0.3845593265288776,0
583,0.12670185539380033,0.0008630339032879361,0.8724351107029117,2
584,0.4315197567685362,0.0511986818992785,0.5172815613321852,0
585,0.08846750014928448,0.08628812409017553,0.8252443757605399,2
586,0.12114238461647543,0.0012933480193795855,0.877564267364145,0
587,0.46925127374195663,0.0053357944413336645,0.5254129318167098,0
588,0.4912222579752752,0.06906032627071881,0.4397174157540059,1
589,0.11407217295032354,0.0009172817337387358,0.8850105453159377,1
590,0.9777715811651433,0.006881085916382647,0.015347332918474132,0
591,0.9726977713182444,0.024238004502132874,0.003064224179622695,2
592,0.12635967572610565,0.0003050297073822388,0.873335294566512,0
593,0.2341204696120587,0.003343696976560275,0.762535833411381,2
594,0.7788097516103772,0.024117224423310362,0.19707302396631235,2
595,0.3478718843566574,0.001047263927408732,0.6510808517159339,0
596,0.077578601449927,0.0004330873163862058,0.9219883112336869,2
597,0.24222759236234503,0.0012044897482613051,0.7565679178893936,0
598,0.9626435536002333,0.03726070246500479,9.574393476190501e-05,1
599,0.11823941603358504,0.003212616358345527,0.8785479676080693,2
600,0.9987704039613396,0.00122957839646993,1.7642190338461572e-08,0
601,0.12363478459876259,0.0034736792002836425,0.8728915362009537,1
602,0.6289307166044927,0.01742522022249524,0.35364406317301206,0
