,topology,centrality,position,label
0,0.9523911092094551,0.022304286322086052,0.025304604468458728,1
1,0.9938673829869741,0.006116417336921874,1.6199676104134753e-05,2
2,0.9919587484722049,0.00649566809803726,0.0015455834297579078,2
3,0.9955315358868035,0.0038803017480644017,0.0005881623651319897,1
4,0.7381057452757526,0.0029061032148228086,0.25898815150942456,2
5,0.9926082385329273,0.002839663977570236,0.004552097489502499,2
6,0.9880328257833377,0.004251525590828689,0.007715648625833621,1
7,0.3227847943614399,0.0018037885241974458,0.6754114171143627,1
8,0.9909325869551338,0.009019232118808633,4.8180926057600005e-05,2
9,0.6484735799805625,0.0007680256100018998,0.35075839440943557,0
10,0.909602326938959,0.0903666720285334,3.100103250761456e-05,0
11,0.9942769591510332,0.005714813438306591,8.22741066019354e-06,2
12,0.9950896257571553,0.0048294497529506545,8.092448989420921e-05,1
13,0.2582627954473726,0.07734479660399639,0.6643924079486311,0
14,0.5930357500748252,0.11946750237264027,0.2874967475525346,0
15,0.9952918568664375,0.004689984444833085,1.815868872937237e-05,0
16,0.13178111797276562,0.0002543823208224373,0.867964499706412,0
17,0.5987094544904589,0.0050767079155863825,0.39621383759395484,0
18,0.9950020758982665,0.004967214540579482,3.070956115404248e-05,2
19,0.1082307348382389,0.00018018998560262643,0.8915890751761585,1
20,0.9862590262341205,0.012355122628936871,0.0013858511369424598,2
21,0.14495275336319438,0.05159282798796155,0.8034544186488441,0
22,0.7255527612874118,0.0012435966337991905,0.2732036420787891,0
23,0.44789509028575447,0.0034932190067413675,0.5486116907075042,1
24,0.9784412165231514,0.007003295686628836,0.014555487790219783,1
25,0.12988164503892813,0.00018160418820862973,0.8699367507728634,0
26,0.6401748868604495,0.35886443830731574,0.0009606748322346825,1
27,0.9841147210807166,0.014985040572233195,0.0009002383470501407,1
28,0.4858082548185512,0.0005581611145213261,0.5136335840669275,1
29,0.7018581992418182,0.030173721736816653,0.26796807902136505,1
30,0.9950365209571318,0.00496335766776878,1.2137509935593164e-07,0
31,0.11826011632511363,0.0003941040496143771,0.8813457796252719,0
32,0.9831146864078851,0.014548381976356614,0.0023369316157582937,1
33,0.982706144300393,0.011755639644459246,0.005538216055147893,2
34,0.997687154761408,0.002215181796356982,9.766344223516106e-05,2
35,0.1650514494685892,0.00023562214732083633,0.8347129283840901,0
36,0.4273527592830087,0.002636056822002346,0.570011183894989,1
37,0.9918884248699072,0.0013661379738515405,0.006745437156241218,1
38,0.5017353923579447,0.002340916087709885,0.49592369155434535,1
39,0.9985745657224859,0.001402667869317675,2.2766408196352576e-05,0
40,0.5613941170171046,0.003635288757834164,0.4349705942250612,0
41,0.9667925731678038,0.03320691239316385,5.144390324490436e-07,2
42,0.37504019498097513,0.0004985274732021825,0.6244612775458226,1
43,0.08564699263941918,0.00021518451985069086,0.9141378228407302,1
44,0.9788016702437033,0.006190002837057258,0.015008326919239442,2
45,0.6590435190641967,0.004044593391030809,0.3369118875447727,0
46,0.08138760992015404,0.013250460274557991,0.905361929805288,0
47,0.565806678035644,0.001569603877226839,0.4326237180871291,1
48,0.9912432241773085,0.0020843520905536846,0.006672423732137814,1
49,0.7752750343990318,0.0040519200899065905,0.22067304551106157,0
50,0.9652642242236921,0.010005473893365353,0.024730301882942677,1
51,0.6338838711433586,0.0011616073930952396,0.3649545214635462,2
52,0.990522872327014,0.009441278556499533,3.584911648659433e-05,2
53,0.07715240983903093,0.00020664959234968847,0.9226409405686194,0
54,0.9990173295469145,0.0009533793012403025,2.9291151845426103e-05,0
55,0.02153056146711479,7.352309730351314e-05,0.9783959154355818,0
56,0.10094092032364184,0.001055103288804998,0.8980039763875532,2
57,0.9853876503483994,0.014591697847580602,2.0651804020133806e-05,0
58,0.7030331296447652,0.006913675600111637,0.29005319475512326,1
59,0.9731792208165155,0.0012094647505809688,0.025611314432903393,0
60,0.8915302667948456,0.0023902437194654883,0.10607948948568896,0
61,0.32844551564154706,0.0007909734535624329,0.6707635109048905,0
62,0.6360527839157835,0.0011018064073026943,0.3628454096769139,0
63,0.46252080716270233,0.5350950100779861,0.002384182759311584,1
64,0.5692089921141068,0.004063122032025841,0.42672788585386745,1
65,0.9812800451650905,0.01870626554979182,1.3689285117646737e-05,1
66,0.7579735603071428,0.24198235857247385,4.4081120383412e-05,0
67,0.15185911402135427,0.0011051704523751035,0.8470357155262707,2
68,0.6016925712963602,0.2322877142964953,0.16601971440714433,0
69,0.8524401921884223,0.01613710932126101,0.13142269849031682,1
70,0.7570670779167373,0.2428905089590375,4.2413124225211534e-05,0
71,0.05129312675663015,0.007915163764986905,0.940791709478383,1
72,0.11824660607226503,0.0006288402545368789,0.8811245536731981,1
73,0.9129967145726858,0.011017290112930572,0.07598599531438362,1
74,0.9977211365915805,0.002277883637007403,9.797714121837598e-07,0
75,0.007665418745743042,2.1149128759634807e-05,0.9923134321254972,2
76,0.9742755497850439,0.007906811672782526,0.01781763854217351,1
77,0.8606490257817498,0.0018569561078260967,0.13749401811042408,1
78,0.9799127713893713,0.008888549317452176,0.01119867929317665,2
79,0.9967572376632166,0.003242734350318325,2.7986465144967203e-08,0
80,0.9227515751392223,0.057429088293523986,0.0198193365672538,1
81,0.9990381842947856,0.0009612179587078965,5.977465064825725e-07,0
82,0.9982281618163742,0.0017710681439238483,7.700397020113546e-07,0
83,0.37901660074863525,0.0004070005738057445,0.6205763986775591,0
84,0.8991382051789029,0.1008616883407793,1.0648031787380482e-07,0
85,0.8611405089165909,0.003907393613724846,0.13495209746968437,1
86,0.9980400375128302,0.001959209638508271,7.528486616449197e-07,0
87,0.993984841869207,0.005058902662636582,0.0009562554681564747,0
88,0.9991408764408246,0.0008584139798182812,7.095793571096112e-07,2
89,0.9520415204060838,0.004904500461957229,0.043053979131959075,2
90,0.5463229320481525,0.002655053128583446,0.451022014823264,2
91,0.17152667921613624,0.000589046753068057,0.8278842740307957,1
92,0.8763442039880364,0.013940963096233005,0.1097148329157307,2
93,0.6437536744761871,0.002344278090686409,0.35390204743312637,1
94,0.43235485375676275,0.0023084515931491457,0.565336694650088,0
95,0.08582442920499113,0.0006206389200176804,0.913554931874991,1
96,0.6201228775776174,0.005275232320223156,0.3746018901021595,1
97,0.2154466140243577,0.09681004111180883,0.6877433448638335,0
98,0.9971266943770206,0.00287255024335793,7.553796214236668e-07,2
99,0.24718538549767224,0.00034825908731795567,0.7524663554150097,0
100,0.9856734911580475,0.010875416090176655,0.003451092751775885,2
101,0.5246326796817566,0.0036309698494329844,0.4717363504688103,1
102,0.7592490535546583,0.004166519801072178,0.23658442664426935,1
103,0.5712392379410567,0.06290304036487741,0.36585772169406594,1
104,0.9969516954949993,0.0012320665146871334,0.0018162379903135367,1
105,0.9921362001661581,0.0074396669337501485,0.0004241329000917047,1
106,0.07228261741786975,0.00088842805616612,0.9268289545259641,0
107,0.9903541342691853,0.009486829505146302,0.00015903622566846152,1
108,0.9970187770843678,0.002940641182658217,4.0581732974003016e-05,0
109,0.08750787806499152,0.0016781404844686911,0.9108139814505399,1
110,0.9933179884751782,0.006548202736381037,0.00013380878844084713,0
111,0.2629866961505113,0.002709611733948219,0.7343036921155404,0
112,0.32351584125798305,0.002318219246323986,0.6741659394956929,0
113,0.5613699075180699,0.0029689663502687497,0.43566112613166125,0
114,0.18448255149389126,0.000897187936356598,0.8146202605697521,2
115,0.9978076722953918,0.0007736938945776915,0.0014186338100305596,2
116,0.6689714359621789,0.00386177753211331,0.3271667865057078,1
117,0.6472693324735453,0.006258827514392769,0.34647184001206194,1
118,0.9942596119450129,0.005740255572314933,1.324826722508854e-07,0
119,0.9938303925751705,0.006167609677389295,1.997747440305441e-06,2
120,0.3438177196096485,0.0004690279546522086,0.6557132524356992,1
121,0.7656411360673584,0.23435881781827816,4.61143635616166e-08,0
122,0.2261300795813421,0.024524997510398047,0.7493449229082599,0
123,0.7839467826014247,0.015754887498143546,0.20029832990043164,2
124,0.09012264987956911,0.00010155972977335377,0.9097757903906575,0
125,0.6719699024586598,0.3240378956951067,0.003992201846233551,2
126,0.9901339051050052,0.0058259908745203785,0.004040104020474556,0
127,0.11240646137215966,0.0012287615291051545,0.8863647770987352,0
128,0.8782838276364735,0.009733754933506051,0.1119824174300204,1
129,0.05230706355572593,0.00030956637671705333,0.947383370067557,0
130,0.996483660201517,0.002083396638254627,0.0014329431602283864,0
131,0.9917305301945717,0.0057448021309943155,0.0025246676744340077,1
132,0.13023397869823566,0.03329246950609543,0.836473551795669,1
133,0.16699409491261516,0.0009769666679554855,0.8320289384194293,1
134,0.45486964936271845,0.001791144100628541,0.5433392065366529,1
135,0.9501062890963895,0.007515555751508962,0.0423781551521015,2
136,0.40086480162926774,0.002263196394944024,0.5968720019757882,0
137,0.4817879294096187,0.004044847735166117,0.5141672228552151,2
138,0.9953346893048982,0.0012384704287024472,0.003426840266399178,1
139,0.709925641693581,0.004207290517386593,0.2858670677890324,0
140,0.9912499879166796,0.0014137631592328359,0.007336248924087447,1
141,0.9955108414861886,0.004485793674245732,3.3648395657158256e-06,2
142,0.9876926977388674,0.0027993631668547366,0.009507939094277804,2
143,0.22398013386853266,0.0007657551939333113,0.775254110937534,1
144,0.9985207883727113,0.0014780116403150807,1.199986973666172e-06,0
145,0.13443097316648586,0.00036277491809059677,0.8652062519154236,1
146,0.0695553148590133,0.0005446388111827456,0.9299000463298039,2
147,0.6776071950547929,0.007142049183730141,0.3152507557614769,2
148,0.37966837144116644,0.0006619524703152805,0.6196696760885183,0
149,0.14036623370380208,0.000753651881106926,0.858880114415091,0
150,0.7394383265885072,0.0070459793606633585,0.2535156940508295,1
151,0.9709019426205767,0.029023724475767905,7.433290365529193e-05,2
152,0.6828342922498023,0.000680813282018669,0.3164848944681791,1
153,0.777955312614388,0.010020815302534673,0.21202387208307732,1
154,0.4070399125946732,0.004978963683985773,0.587981123721341,2
155,0.9913670319636608,0.0055975134786762975,0.0030354545576629626,2
156,0.0375737949776039,0.0002507438090508446,0.9621754612133454,1
157,0.7176447926309708,0.004883153237725677,0.27747205413130355,2
158,0.9149764323529225,0.0018225729397994125,0.08320099470727821,1
159,0.964742568610624,0.018910474134965688,0.016346957254410294,1
160,0.9977266643735013,0.0013821788363681709,0.0008911567901306816,0
161,0.9963271696936963,0.002026953460741791,0.0016458768455619019,0
162,0.7362972228771577,0.2568111970910407,0.0068915800318015115,1
163,0.1314172183799083,0.00013030910284146427,0.8684524725172502,1
164,0.9976899193961647,0.002305459763314714,4.620840520666505e-06,0
165,0.9977180087966937,0.002256039701507387,2.5951501798712838e-05,2
166,0.49011626909836487,0.0019232289844927455,0.5079605019171424,0
167,0.4113973529362715,0.5877989041257888,0.0008037429379396095,1
168,0.9816093916048287,0.0009135989951550746,0.01747700940001611,1
169,0.06098372434771994,0.022357478147400765,0.9166587975048792,2
170,0.2755413751396452,0.0012371764868629549,0.7232214483734917,0
171,0.9242794551643756,0.00987659909475774,0.06584394574086666,2
172,0.9906479073058236,0.0042789415767986215,0.0050731511173778355,2
173,0.46944909232480425,0.0019694407165245487,0.5285814669586711,2
174,0.11365292960562172,0.02513009476709966,0.8612169756272787,1
175,0.9987079583436524,0.001291762424607074,2.7923174060422455e-07,2
176,0.45689968808563114,0.003452991293094933,0.539647320621274,0
177,0.2804673707510567,0.0002774800614354127,0.7192551491875079,2
178,0.054687841576554035,0.00040058958934324014,0.9449115688341027,2
179,0.7647496535396963,0.0029087412316252813,0.23234160522867844,2
180,0.5518050595823996,0.0006202688672377554,0.44757467155036257,0
181,0.9734920869792212,0.012386290828021866,0.014121622192756932,1
182,0.9723811632496233,0.011167211607886135,0.016451625142490517,1
183,0.9836332955577503,0.015061836925963487,0.0013048675162862493,0
184,0.8656288841374163,0.0010960537939541017,0.1332750620686295,2
185,0.9948000152082901,0.0031170907391934503,0.0020828940525164466,2
186,0.49902051168475264,0.00038121286958100076,0.5005982754456663,1
187,0.997523465199997,0.002474373030193445,2.1617698094388535e-06,2
188,0.9280846506954323,0.0015403964415310906,0.07037495286303651,0
189,0.9951302595136234,0.0048636770023793635,6.063483997146786e-06,2
190,0.26684687067681273,0.001924687253371501,0.7312284420698157,0
191,0.7610073977186707,0.23899221252295696,3.8975837241742693e-07,0
192,0.39128079617132966,0.0004043970403304153,0.60831480678834,0
193,0.10122963595682524,0.028077198611847674,0.870693165431327,1
194,0.07445563839556378,0.0005108216098350963,0.9250335399946013,1
195,0.47788910542626384,0.0013489202242898193,0.5207619743494463,2
196,0.6226074850440103,0.004282712949107489,0.37310980200688226,1
197,0.9798810085038644,0.007497182300053232,0.012621809196082362,1
198,0.3370190588399466,0.18671064235803567,0.4762702988020177,2
199,0.4053965228239526,0.0022905367983523583,0.592312940377695,0
200,0.9867094467491638,0.010466044100005097,0.002824509150831065,1
201,0.9798482116973787,0.006613607508096247,0.013538180794524974,2
202,0.7265813704257531,0.2733597470938009,5.8882480446040465e-05,0
203,0.6566954058974753,0.0023799881172952477,0.3409246059852293,1
204,0.9905272868866034,0.009446628334289078,2.608477910744745e-05,0
205,0.04610293189692636,4.739623572535744e-05,0.9538496718673483,0
206,0.041268045605644975,0.03881224713397857,0.9199197072603765,0
207,0.996358308359483,0.0032208348774696786,0.0004208567630471414,2
208,0.07391659184145362,0.000660011929329382,0.9254233962292171,0
209,0.2439610589945732,0.0014226952590485895,0.7546162457463782,0
210,0.39639238002152627,0.0009928671947490612,0.6026147527837247,1
211,0.15585928806401037,0.0017580946952616527,0.8423826172407279,0
212,0.6506788113837118,0.34932056136794265,6.272483456176934e-07,2
213,0.3434892487306978,0.0015198426762334176,0.6549909085930687,0
214,0.24451323767263722,0.1196242407573257,0.635862521570037,0
215,0.6159182471805008,0.38406878640265457,1.2966416844600394e-05,1
216,0.9634547290530965,0.0027029280208316917,0.033842342926071765,2
217,0.9715490341740842,0.010121805850978837,0.018329159974937007,1
218,0.12977322818373324,0.0009984396352002497,0.8692283321810667,1
219,0.15237699456197246,0.034339079350102684,0.8132839260879248,1
220,0.9938048107127067,0.006161567684332341,3.362160296088266e-05,2
221,0.4221927579157587,0.0008398816808531304,0.5769673604033881,0
222,0.3856430873782918,0.0019699618902083056,0.6123869507315,0
223,0.224127869794112,0.062036260581384305,0.7138358696245036,1
224,0.9942520357576267,0.0055618201100179855,0.00018614413235548956,0
225,0.24485648644941949,0.0008966797865036147,0.7542468337640769,2
226,0.13194588985960937,0.0010971335593849526,0.8669569765810058,2
227,0.9966946469301566,0.0015430244407556213,0.0017623286290877347,2
228,0.38377454376579595,0.12060144336728294,0.495624012866921,2
229,0.29006905672179967,0.13718079927911012,0.5727501439990902,0
230,0.7443552888290972,0.004062212822201776,0.25158249834870106,0
231,0.9786278544410123,0.006275458854675247,0.015096686704312344,1
232,0.4500767484109104,0.041383073276340575,0.508540178312749,1
233,0.9935508037743301,0.006248535017766531,0.00020066120790336223,2
234,0.9949292896616766,0.0050434600815803515,2.7250256743151528e-05,2
235,0.3791499521151906,0.0061910712266877105,0.6146589766581217,0
236,0.6172118946383376,0.09239945583184636,0.29038864952981597,0
237,0.7337588738804094,0.0012045830745791124,0.2650365430450115,0
238,0.5077555634064883,0.0009460065111355155,0.4912984300823761,2
239,0.6659334820723389,0.0011430086241372337,0.3329235093035239,0
240,0.9776509249970566,0.0038942448180982114,0.018454830184845145,2
241,0.977881440489922,0.017535454241472664,0.004583105268605206,2
242,0.09420236105238416,0.0001306165862197322,0.9056670223613961,0
243,0.9898799003453779,0.003034600078736546,0.007085499575885583,1
244,0.6727508540041279,0.0038671974477714004,0.32338194854810054,1
245,0.9745344869626154,0.005815004480519448,0.019650508556865218,0
246,0.9154823732511713,0.005153958968718828,0.07936366778011,2
247,0.07986997450760655,0.0005621027794678171,0.9195679227129256,0
248,0.9933719326227606,0.0066216637405216595,6.403636717896991e-06,0
249,0.2708982381440583,0.00019835782930979773,0.7289034040266319,1
250,0.18474455303524237,0.0004851445584149822,0.8147703024063427,1
251,0.40847876389058196,0.001957740390507544,0.5895634957189104,0
252,0.08716896847207507,0.00014972450236048105,0.9126813070255645,0
253,0.14593350677679967,0.00033948215638928135,0.8537270110668111,2
254,0.9827404292782932,0.0015807436095143775,0.015678827112192536,2
255,0.9823158302648504,0.017489563955518313,0.00019460577963132566,2
256,0.834082319478779,0.00592216401160864,0.1599955165096124,1
257,0.5267440747699661,0.0012629300244078325,0.47199299520562604,0
258,0.8338376102708769,0.0072936888539493734,0.15886870087517374,2
259,0.6235406757424647,0.0018630440514045747,0.3745962802061306,0
260,0.13817312752247246,0.00014517407532079515,0.8616816984022069,1
261,0.9758859113747592,0.005640435769950609,0.018473652855290235,2
262,0.9848805364886912,0.015114111834723437,5.351676585301257e-06,2
263,0.5254725530815547,0.0031470044487344937,0.4713804424697109,1
264,0.7726447079020395,0.005205866619990604,0.22214942547796995,0
265,0.03273818759474726,0.008389988817482291,0.9588718235877703,2
266,0.14085834969883032,0.00010899192778446965,0.8590326583733853,2
267,0.9969076182290423,0.003090492277561268,1.889493396476587e-06,2
268,0.12247310075690286,0.0006491839683502652,0.8768777152747468,1
269,0.18067689813988771,0.0003042005901878187,0.8190189012699245,2
270,0.49318510210588706,0.13018570896189924,0.37662918893221375,1
271,0.9947081037444744,0.005289898103005988,1.998152519546707e-06,2
272,0.10830301058652637,0.0002516516942518365,0.8914453377192219,0
273,0.993642131445362,0.004597317176067127,0.0017605513785709868,0
274,0.4592343607592188,0.0038686566440456513,0.5368969825967356,2
275,0.9726183998565298,0.005261036601708514,0.02212056354176184,2
276,0.054006050633107136,0.00018162759833354524,0.9458123217685592,0
277,0.990965150494419,0.009034454777032762,3.947285482429991e-07,2
278,0.8679874450546988,0.12948185030665157,0.0025307046386495295,2
279,0.8562198698147235,0.0011922177356908335,0.1425879124495857,1
280,0.11586039521288745,0.0008938435644234944,0.883245761222689,2
281,0.697891222444297,0.0013379452550419317,0.30077083230066104,1
282,0.8817485682663068,0.0013905376473094936,0.1168608940863836,0
283,0.6786882655733623,0.0010713736189274328,0.3202403608077104,1
284,0.8413035554260294,0.0047961955290239345,0.15390024904494673,2
285,0.6256339974744958,0.003051410285557972,0.37131459223994645,0
286,0.37101447891843886,0.002092696195166178,0.6268928248863951,1
287,0.9911825131420501,0.006984184203023923,0.0018333026549259659,1
288,0.9940223320587274,0.001513134319720803,0.004464533621551776,1
289,0.6363216592682204,0.0007851593642690145,0.3628931813675106,1
290,0.09149028268949651,0.00014152632644375872,0.9083681909840597,0
291,0.19719984937164606,0.0010819394392780712,0.8017182111890759,1
292,0.9966249419061961,0.0033749413008660172,1.167929379087283e-07,2
293,0.7594459021722347,0.006114723506425797,0.23443937432133943,1
294,0.567993700561464,0.4319025012679709,0.00010379817056519646,2
295,0.9140550127509032,0.0012942907053114265,0.08465069654378549,1
296,0.9581457881478136,0.013774276617187185,0.028079935234999315,1
297,0.2500717328101014,0.0019485805333591634,0.7479796866565394,0
298,0.5901166277633132,0.40829404540492376,0.001589326831763048,1
299,0.5008282859815602,0.0005817838821588563,0.498589930136281,0
300,0.513500343136785,0.0014279074279652253,0.4850717494352497,2
301,0.9944840534210867,0.005270908361000008,0.0002450382179133867,1
302,0.9809192363553378,0.0010425527770727126,0.018038210867589638,2
303,0.1787682618113578,0.00014940598312798058,0.8210823322055143,1
304,0.21891378592067234,0.00047578301646221334,0.7806104310628654,2
305,0.9972728374550526,0.0027234447937193344,3.7177512280702986e-06,2
306,0.09598500869570992,0.0007788760057246713,0.9032361152985655,2
307,0.16777204611061416,0.0029459035344706038,0.8292820503549152,1
308,0.8724032484740916,0.0070326416357440295,0.1205641098901644,2
309,0.9881073478340794,0.011321421037693846,0.0005712311282267203,0
310,0.19834964305374372,0.001171403009383006,0.8004789539368733,2
311,0.9446035454413383,0.02719018557893411,0.028206268979727545,2
312,0.11260517930945481,0.168921210624321,0.7184736100662242,2
313,0.9957503364172938,0.004076850133659525,0.00017281344904655996,2
314,0.32147069395188876,0.0011537422899066238,0.6773755637582045,0
315,0.2916104411737582,0.0902965290132005,0.6180930298130414,0
316,0.14363590432957318,0.0005252283034764012,0.8558388673669504,2
317,0.9818347204512107,0.0014361789695063782,0.016729100579283004,1
318,0.9903961752673955,0.00960001170586708,3.813026737431524e-06,0
319,0.1367053921886492,0.0002171056368452539,0.8630775021745055,0
320,0.25934341987266346,0.15107128677828285,0.5895852933490537,0
321,0.9907735221026748,0.007753905549252175,0.0014725723480730432,1
322,0.26545199224429106,0.0004817563411564156,0.7340662514145526,2
323,0.9919341506722925,0.008065514094620545,3.352330869771944e-07,0
324,0.29140076644694557,0.000861049967079983,0.7077381835859744,1
325,0.9703713036618212,0.011997130884397581,0.01763156545378123,1
326,0.05215294746144064,0.001323178264180049,0.9465238742743793,2
327,0.04389075920352932,0.0002220947072261177,0.9558871460892444,0
328,0.6982014443019297,0.0021226713378731015,0.2996758843601973,1
329,0.18577581949048003,0.0007126506577701796,0.8135115298517497,1
330,0.08442805931282399,0.0310331854787602,0.884538755208416,0
331,0.9484255212362807,0.009895125360095928,0.041679353403623394,1
332,0.6152648951249784,0.3016735994558075,0.0830615054192141,2
333,0.9879219531895339,0.0028686948964633282,0.009209351914002713,2
334,0.9986781404649274,0.0013060263997056543,1.583313536685469e-05,2
335,0.99897289283054,0.000979424651110354,4.7682518349644974e-05,0
336,0.9861691407519472,0.009078457672604495,0.004752401575448413,2
337,0.08227410983559501,0.00031910411449666634,0.9174067860499084,1
338,0.9896435942002648,0.008559026356625471,0.0017973794431098383,0
339,0.34724859172106903,0.0035812385381750046,0.649170169740756,1
340,0.8812736377910368,0.011467409055605227,0.10725895315335796,1
341,0.9844184999892359,0.0019174175698199335,0.013664082440944058,2
342,0.7799005640033615,0.21716899727054514,0.0029304387260933023,2
343,0.9353434426325202,0.0010122703754840106,0.06364428699199566,0
344,0.5964775595409477,0.18327061365635927,0.22025182680269312,0
345,0.8174114387199359,0.17870896821302434,0.0038795930670397698,2
346,0.053466050652501936,0.01149575599416988,0.9350381933533282,0
347,0.24154621490036796,0.0031852362564402928,0.7552685488431918,1
348,0.9614793533030176,0.0072624603941770826,0.031258186302805344,1
349,0.974530985161315,0.0035068720920262315,0.02196214274665883,2
350,0.05752283095077096,0.0007646069606792984,0.9417125620885497,1
351,0.9940042460755968,0.005966013650421779,2.974027398142991e-05,0
352,0.6490619313804876,0.3459145139971771,0.005023554622335356,2
353,0.9887079108579478,0.007368313070309482,0.00392377607174276,1
354,0.9948275578146074,0.004617875736492233,0.0005545664489001917,2
355,0.20778903922199707,0.0003487396637289962,0.7918622211142738,0
356,0.6243320637001886,0.3745880509866037,0.0010798853132077488,2
357,0.0521803607566422,0.0003783811566866207,0.9474412580866711,1
358,0.5289090614526244,0.0041427518813419795,0.4669481866660336,1
359,0.9836404262866634,0.007570559134459989,0.008789014578876847,1
360,0.8066613621711202,0.0021937756203363693,0.19114486220854343,2
361,0.1987701642772899,0.0006385188141072026,0.800591316908603,0
362,0.8464409576251399,0.1522044782962321,0.001354564078628074,2
363,0.8752384633968289,0.03438526727412767,0.09037626932904344,2
364,0.3696286226676286,0.0027334241956303634,0.6276379531367409,1
365,0.9885420119377525,0.011416532040987193,4.145602126023828e-05,0
366,0.7043285102635355,0.29566512233228476,6.367404179840494e-06,2
367,0.8687097571087407,0.12950142192744138,0.0017888209638179087,0
368,0.9725829129747519,0.011491741650926967,0.015925345374321175,1
369,0.9969769833384773,0.002996982952713857,2.6033708808670283e-05,2
370,0.3047618516434287,0.001704395610429763,0.6935337527461416,1
371,0.9922352445601478,0.007171200418528892,0.0005935550213235104,2
372,0.9909741378232063,0.009019610304902035,6.251871891535417e-06,2
373,0.9858391677103528,0.0010061780785635833,0.013154654211083546,1
374,0.9532418723195313,0.004040320087845787,0.04271780759262279,2
375,0.6164317275222289,0.3835582972121911,9.975265580083687e-06,0
376,0.3802767034583093,0.002657895397995613,0.6170654011436952,0
377,0.8824034974286157,0.006747341541722702,0.1108491610296617,2
378,0.2079038068262838,0.001257036609830671,0.7908391565638856,2
379,0.6292002413085511,0.0026155171039733767,0.3681842415874756,1
380,0.9988838818077563,0.0011082501658019846,7.8680264416926e-06,2
381,0.04155067884046625,0.00024047952202239066,0.9582088416375114,2
382,0.3457110133963548,0.08467498321145134,0.5696140033921938,1
383,0.4996301084423976,0.00047822968775768386,0.4998916618698448,1
384,0.991431749387383,0.001488732628866447,0.007079517983750608,0
385,0.997628845700388,0.0023488209489855483,2.2333350626386474e-05,0
386,0.12484627485819487,0.0004914672463518576,0.8746622578954533,1
387,0.968131379515053,0.0022802050272127707,0.029588415457734166,1
388,0.9916742014534927,0.007639755335017551,0.0006860432114898504,0
389,0.9674318171085697,0.01975540760756352,0.012812775283866804,1
390,0.9826136987117304,0.005584896195995203,0.011801405092274295,2
391,0.3984454599140715,0.13489817665484305,0.4666563634310855,0
392,0.8276492220199159,0.17234584782922963,4.930150854399279e-06,0
393,0.6411472582942244,0.263453242945224,0.09539949876055173,1
394,0.5048372800373351,0.003460242636384805,0.49170247732628014,1
395,0.9745328685804837,0.014963659569340829,0.010503471850175305,1
396,0.7216502416462124,0.0030389350657907864,0.2753108232879968,2
397,0.4499429406669684,0.0005551746277216793,0.5495018847053099,0
398,0.954703594027881,0.0010439199610458112,0.044252486011073164,1
399,0.9866691997420995,0.013312176857228755,1.86234006716009e-05,2
400,0.37102775963262635,0.002244432092490763,0.6267278082748831,0
401,0.36222816469404917,0.11087281395823659,0.5268990213477143,1
402,0.9990182386127833,0.000981753077372981,8.309843604130163e-09,0
403,0.9682353077822923,0.004083869180474009,0.02768082303723361,1
404,0.9954353762618879,0.004551235910385278,1.3387827726663294e-05,0
405,0.998711687875537,0.00128590415677533,2.407967687572945e-06,2
406,0.1179878547082081,0.00019634249758631247,0.8818158027942056,0
407,0.9785764432281521,0.0073220953243930045,0.014101461447454899,1
408,0.6445580329024726,0.0013584182733317816,0.35408354882419574,2
409,0.11355484457816065,0.0005836844021316228,0.8858614710197077,1
410,0.9937811707839044,0.006164797805085499,5.403141101023925e-05,0
411,0.3090764434006136,0.0011415456833054989,0.6897820109160809,1
412,0.9897522908885062,0.010061184838794422,0.00018652427269933957,0
413,0.9994132313501982,0.0005549007856800108,3.186786412184745e-05,2
414,0.06228432655492148,0.012854034687736944,0.9248616387573417,1
415,0.9154910600398782,0.004744188756548723,0.07976475120357303,0
416,0.01876632498091242,3.469650473532773e-05,0.9811989785143523,0
417,0.378114252890356,0.0014383899592029076,0.6204473571504411,1
418,0.07923206505257749,0.0003877661191102232,0.9203801688283123,0
419,0.9926380379694915,0.007361063073392287,8.989571162696774e-07,2
420,0.15950261969370735,0.001094869776095501,0.8394025105301972,1
421,0.9979821507373715,0.0009133751502798334,0.0011044741123486753,2
422,0.836196639534113,0.14059123134171003,0.02321212912417692,1
423,0.2866274864427444,0.0005993271843392276,0.7127731863729164,1
424,0.3850872060113305,0.0016049322407763887,0.6133078617478931,1
425,0.49471180767152734,0.0005252722651550651,0.5047629200633176,1
426,0.9449203762173946,0.006432946061804844,0.04864667772080064,0
427,0.9925356573082376,0.007309428275959059,0.0001549144158032602,0
428,0.7407647178359377,0.0008059388402287848,0.2584293433238336,0
429,0.993199534005261,0.004173068167643017,0.0026273978270959886,2
430,0.8422595054841704,0.015192346589852223,0.14254814792597734,2
431,0.5080078893285774,0.010127349036856364,0.4818647616345661,2
432,0.9951557295973849,0.004833717694638697,1.0552707976282581e-05,0
433,0.41074990676703815,0.002438818381921343,0.5868112748510406,0
434,0.30156562913195734,0.0013497985584409724,0.6970845723096017,0
435,0.9667797996521396,0.004009240127743881,0.029210960220116565,0
436,0.7123277439840886,0.28766796459185173,4.291424059556428e-06,0
437,0.9821603463936452,0.011826080186400958,0.006013573419953724,2
438,0.993838633872196,0.006161354199458276,1.192834566336406e-08,0
439,0.9883403048716046,0.011654948690675564,4.7464377199039715e-06,2
440,0.08924407632347729,0.0004051087560558672,0.9103508149204669,2
441,0.928802326691542,0.00495299506217202,0.06624467824628598,0
442,0.7614843400101131,0.001632587853032426,0.23688307213685453,0
443,0.04406846719075641,0.017131825412642486,0.938799707396601,0
444,0.33090052082007015,0.0004970180834505525,0.6686024610964794,0
445,0.16029458803212812,0.0009408062210498714,0.838764605746822,1
446,0.9902252206825737,0.009450622957945755,0.0003241563594805782,0
447,0.9863242305094745,0.013645774043864262,2.9995446661373012e-05,1
448,0.9986089189594743,0.0013600920970332493,3.09889434924219e-05,0
449,0.08002955508519924,0.0006776383201509005,0.9192928065946498,0
450,0.9985030087289877,0.0014966712439618778,3.2002705042212526e-07,2
451,0.997909918166495,0.002007696668821504,8.23851646835966e-05,0
452,0.8562183787423521,0.010158762933503105,0.13362285832414478,2
453,0.5772610535864365,0.0018741893483958782,0.4208647570651676,2
454,0.9674416669571092,0.005902034870024751,0.026656298172866053,2
455,0.28163169569552154,0.0011305532559385384,0.7172377510485399,1
456,0.9838254021722986,0.015912368100377227,0.00026222972732422174,2
457,0.0943357965760802,0.00043451536098292705,0.9052296880629369,1
458,0.6472758954906854,0.000875054710982415,0.3518490497983321,1
459,0.9925759725987123,0.007364122175355156,5.990522593255021e-05,2
460,0.3655052772652223,0.001171745140760878,0.6333229775940168,0
461,0.15466010548552675,0.0006537873033505961,0.8446861072111227,0
462,0.6998495836572967,0.0015597454755005462,0.29859067086720276,0
463,0.37275556947965865,0.0007475760672393198,0.626496854453102,1
464,0.9865247646454656,0.0038700239657553973,0.009605211388779076,2
465,0.5233196671361847,0.2109018227108433,0.265778510152972,1
466,0.6498692081030379,0.35010249716412994,2.8294732832046413e-05,0
467,0.9356345635500809,0.004031366116894427,0.06033407033302455,1
468,0.2642158953861223,0.0018411344652701175,0.7339429701486075,1
469,0.04766225863596257,0.00011000860515198132,0.9522277327588854,2
470,0.9948448586098594,0.005116668534274394,3.8472855866192296e-05,0
471,0.878853652733065,0.002016165967436965,0.11913018129949807,2
472,0.32724545105312247,0.0032505861768800663,0.6695039627699975,0
473,0.9244839208117365,0.011687717677155247,0.06382836151110838,1
474,0.3163714717407546,0.0036067591739902464,0.6800217690852552,0
475,0.9752289173403179,0.005822433979970697,0.018948648679711508,2
476,0.9639641793282675,0.025179865756341877,0.010855954915390622,1
477,0.06968054519033194,0.000509890749263402,0.9298095640604045,2
478,0.784259158449286,0.004411935239370175,0.21132890631134385,2
479,0.15019912220147869,0.08568763749375789,0.7641132403047634,1
480,0.9986245682501559,0.0010573509247224886,0.00031808082512153353,0
481,0.2152394918934832,0.00032581292451027154,0.7844346951820065,1
482,0.751971179174148,0.000591811255606666,0.2474370095702454,1
483,0.033935178614127086,0.00026623325854356747,0.9657985881273293,1
484,0.38378957141461184,0.002992886046582088,0.613217542538806,2
485,0.9757790483308058,0.018188242626662268,0.0060327090425319,1
486,0.9982439855162879,0.001728727532457768,2.7286951254416738e-05,0
487,0.9598239720822906,0.0051580018398026724,0.03501802607790683,2
488,0.07819446605844445,0.000758231416031624,0.9210473025255239,0
489,0.6454465733349374,0.029354064096933363,0.32519936256812926,1
490,0.8208273002968768,0.004160902020676429,0.17501179768244668,1
491,0.2391711599283376,0.051074247942985804,0.7097545921286766,1
492,0.9952837507063789,0.002370507131187851,0.002345742162433316,2
493,0.81689151942864,0.008670464308351198,0.17443801626300873,1
494,0.3511658522031496,0.002275479378063531,0.646558668418787,1
495,0.9787682897632017,0.00907476139793967,0.012156948838858643,2
496,0.43648622556065914,0.005563184733936844,0.557950589705404,1
497,0.8546657644600577,0.007667799117186413,0.13766643642275575,1
498,0.09757256942035937,0.002647816505255511,0.899779614074385,2
499,0.9889928486327961,0.010947574143730208,5.957722347361504e-05,2
500,0.8741200129755048,0.12516133771620402,0.0007186493082912126,2
501,0.7330163100483099,0.0008247378748961062,0.2661589520767939,0
502,0.5404438443060816,0.0028160174113286912,0.4567401382825897,1
503,0.08377806929559717,0.0003786642085067581,0.9158432664958962,1
504,0.24424279558967596,0.0012092943920333106,0.7545479100182907,0
505,0.9924680731378441,0.007531317839010521,6.090231453649335e-07,2
506,0.939814441489768,0.0008761438733944003,0.059309414636837615,0
507,0.9756217280882536,0.017419659255266704,0.00695861265647976,2
508,0.34334319407605246,0.13147984800128978,0.5251769579226578,0
509,0.27919890446130924,0.006445303638859351,0.7143557918998314,0
510,0.9922697624560342,0.0035813089635795357,0.004148928580386229,2
511,0.9812917496114839,0.0011958783524852192,0.017512372036030874,2
512,0.14107222067005534,0.00028772150161085236,0.8586400578283339,1
513,0.8337255872755327,0.001189254095972649,0.16508515862849454,0
514,0.6180172513089389,0.1892532584062219,0.19272949028483927,1
515,0.5656018404183109,0.0013481546748792797,0.43305000490680995,2
516,0.9870100378880512,0.0029556400937919814,0.0100343220181569,1
517,0.6079140120269031,0.005005016728983411,0.38708097124411356,0
518,0.9886387440534183,0.008263989061788341,0.0030972668847932885,2
519,0.7053738073632534,0.009090056065643054,0.2855361365711035,2
520,0.972846743184269,0.016105517301150285,0.011047739514580667,2
521,0.9989469182516694,0.001012969343488589,4.0112404842053556e-05,0
522,0.3876913408378137,0.0005437856663713192,0.6117648734958151,0
523,0.9621745424291848,0.03776808151454904,5.7376056266037945e-05,2
524,0.9858307408891597,0.009341102904022508,0.004828156206817714,2
525,0.3034702495040293,0.0005736732562539515,0.6959560772397168,2
526,0.9962787618920155,0.003705941059262624,1.5297048721859784e-05,0
527,0.3536257426262399,0.0033200370794874206,0.6430542202942727,0
528,0.6519841744248099,0.004934483212506484,0.34308134236268345,1
529,0.9980029922204495,0.00199632361651427,6.841630359792416e-07,2
530,0.39023465107645694,0.0023345631278946103,0.6074307857956486,0
531,0.17091693997297783,0.0002731657812990161,0.828809894245723,1
532,0.9915558329847419,0.0029015208948880546,0.005542646120370107,2
533,0.9825979261975311,0.0011020471832397902,0.01630002661922917,2
534,0.9985818547299713,0.0013483853282977444,6.975994173102376e-05,2
535,0.8536288829017017,0.001332014439442155,0.14503910265885622,2
536,0.9756147551927399,0.013389351969131219,0.010995892838129065,2
537,0.9965807223421226,0.0007588697055183146,0.0026604079523590675,2
538,0.9974852441640868,0.0024552371700647955,5.9518665848502794e-05,0
539,0.9824329439323499,0.017490440882516622,7.661518513342406e-05,2
540,0.820426574956064,0.17935956405645823,0.0002138609874779218,2
541,0.9916444431303835,0.008309216182171456,4.634068744495588e-05,2
542,0.0838366819272154,0.0024837590773834598,0.9136795589954011,0
543,0.5219437703970894,0.0007087827664734619,0.4773474468364371,1
544,0.38192305483267563,0.006465258181946294,0.611611686985378,1
545,0.852542875551984,0.01474874978405164,0.13270837466396435,2
546,0.9951195140823826,0.003914620645870026,0.0009658652717472399,0
547,0.8143096563457524,0.18567584867453993,1.449497970779364e-05,0
548,0.9933156692372495,0.006670114946960564,1.4215815790001897e-05,0
549,0.5690573609701471,0.16708965560381267,0.2638529834260402,0
550,0.9955434877098812,0.0043810015472328144,7.551074288593522e-05,2
551,0.9961048752352426,0.0038675601634630178,2.75646012944888e-05,0
552,0.9946902484579712,0.0053055505857484446,4.20095628024874e-06,2
553,0.8428406583977988,0.15243584958519757,0.004723492017003699,0
554,0.7212915740693814,0.0022840582530433617,0.27642436767757533,0
555,0.9640445818302424,0.003926578823356373,0.0320288393464012,1
556,0.08936864535273868,0.0007417220114855677,0.9098896326357758,1
557,0.9571338376290223,0.010517114059593668,0.032349048311384,2
558,0.994369088399448,0.005630845236033574,6.63645183696595e-08,2
559,0.9849234019520736,0.005708516227337103,0.009368081820589135,1
560,0.531983200143553,0.46715725349289405,0.000859546363552846,1
561,0.8748325573578442,0.12440258991616995,0.0007648527259859249,2
562,0.9976629309829191,0.0016444609719757626,0.0006926080451051744,2
563,0.9965574961117313,0.0034423528102910214,1.510779777896541e-07,2
564,0.7330809300319105,0.0015971340509688746,0.2653219359171206,1
565,0.020009690639842693,3.572675021184892e-05,0.9799545826099455,1
566,0.08569284079867628,0.022971934752148017,0.8913352244491758,2
567,0.9973768547630097,0.0025976989642359873,2.5446272754277646e-05,2
568,0.9534532884377828,0.011888492780886382,0.03465821878133087,0
569,0.8741548885726212,0.01384458821136142,0.11200052321601739,2
570,0.3051498420043761,0.0020692834055775285,0.6927808745900463,1
571,0.020203526332741566,9.75163988260889e-05,0.9796989572684325,1
572,0.33076687195939514,0.0003598314009451,0.6688732966396598,1
573,0.7898496006505142,0.0012095847480817984,0.2089408146014041,0
574,0.0932750491893248,0.0005209951941595013,0.9062039556165157,1
575,0.9948016950811626,0.005156142009638338,4.2162909198970276e-05,2
576,0.24136747053942445,0.00021156059574688524,0.7584209688648287,1
577,0.4834543463163704,0.0016756225206046942,0.5148700311630249,0
578,0.12693413250056762,0.0004457216039478271,0.8726201458954846,2
579,0.9963178960596752,0.003183000985628933,0.0004991029546958307,2
580,0.5366764889523923,0.004067374333014163,0.45925613671459364,1
581,0.6425757811996297,0.0005738203323417758,0.35685039846802846,0
582,0.6238026629596694,0.0037617678921717706,0.3724355691481588,0
583,0.1304628828996346,0.0007961083930414563,0.8687410087073241,2
584,0.440747842591781,0.1311793405668376,0.4280728168413814,0
585,0.3079745661363553,0.1518673764741911,0.5401580573894535,2
586,0.12746152839862543,0.000955889414793361,0.8715825821865814,0
587,0.8127390806037268,0.001179624181152773,0.1860812952151204,0
588,0.5029717285208282,0.002945938034043532,0.4940823334451283,1
589,0.1353125406375347,0.003392428997533416,0.8612950303649318,1
590,0.9858859304234243,0.01365632095182865,0.0004577486247471606,0
591,0.99528245133488,0.004713410630565849,4.138034554115599e-06,2
592,0.4049510383960944,0.005265821724327278,0.5897831398795784,0
593,0.9456329788827476,0.003758611701803387,0.05060840941544907,2
594,0.9882476803721453,0.011072062099903454,0.0006802575279514132,2
595,0.3304301107790062,0.002676310526548009,0.6668935786944458,0
596,0.19167152410889246,0.0011559651309316374,0.8071725107601759,2
597,0.3726197591466318,0.005475395915674481,0.6219048449376938,0
598,0.991263360113614,0.00873303846794419,3.6014184418429865e-06,1
599,0.3774430988467281,0.006402142247529242,0.6161547589057426,2
600,0.9934934907391793,0.006506502526135162,6.7346854474298425e-09,0
