,topology,centrality,position,label
0,0.9282670902040047,0.0014661399501063896,0.0702667698458889,1
1,0.9978328836890693,0.0020281670752334926,0.00013894923569737348,2
2,0.9980016949417616,0.0017496302763467487,0.0002486747818915294,2
3,0.9977305170156048,0.001025369980685669,0.0012441130037095548,1
4,0.9385416617548478,0.004416869960371498,0.05704146828478078,2
5,0.995158141886618,0.0015088373149867013,0.00333302079839524,2
6,0.934821345020231,0.004982913747519834,0.06019574123224913,1
7,0.3752117597666203,0.0010354578434019091,0.6237527823899778,1
8,0.9979235502497419,0.0019933070933449808,8.314265691294952e-05,2
9,0.932804672291336,0.00460590967832131,0.0625894180303426,0
10,0.9976283754962465,0.0023486099487668084,2.3014554986756476e-05,0
11,0.9977906182964779,0.0021323870774388413,7.699462608332887e-05,2
12,0.9964860453122153,0.0034775251596249053,3.6429528159716096e-05,1
13,0.22096088813974263,0.00038836504138441683,0.7786507468188729,0
14,0.8015779857891198,0.0029790288276896225,0.19544298538319055,0
15,0.9842674807448458,0.015541743085546088,0.0001907761696081485,0
16,0.12121056747281947,0.000753823625845273,0.8780356089013353,0
17,0.43054364767215797,0.0015403524111035662,0.5679159999167385,0
18,0.9973160383830091,0.0023629699353887278,0.0003209916816020658,2
19,0.21456435037304783,0.0004514387052327734,0.7849842109217193,1
20,0.9975859119412448,0.002408030484555105,6.057574199977235e-06,2
21,0.1361436249867672,9.336645285763022e-05,0.8637630085603751,0
22,0.6303330548873775,0.0029165869787041395,0.36675035813391843,0
23,0.6754593802244211,0.004648474666361432,0.31989214510921754,1
24,0.8407307892169436,0.003802044513529693,0.15546716626952684,1
25,0.04825424564954301,0.00012581237313307234,0.951619941977324,0
26,0.9839021894092186,0.0025754162607476315,0.013522394330033993,1
27,0.984389988783978,0.008960644476847591,0.006649366739174375,1
28,0.6367632889158963,0.0020501800442916493,0.361186531039812,1
29,0.9822362524656986,0.011968477959758441,0.005795269574543026,1
30,0.9949520789710531,0.005046765879511109,1.1551494358130744e-06,0
31,0.13065420795923696,0.0007093099157837515,0.8686364821249792,0
32,0.9911494045445212,0.008598106125721837,0.0002524893297570625,1
33,0.992181801614324,0.0032251575593633037,0.004593040826312637,2
34,0.9955268580932334,0.004063654970319002,0.00040948693644765876,2
35,0.1421023945279562,0.0014030327334426586,0.8564945727386012,0
36,0.2147589865374578,0.0008501038879727507,0.7843909095745694,1
37,0.9975578893692129,0.0014716075794877275,0.0009705030512994638,1
38,0.26668280534608907,0.0005147396793477453,0.7328024549745632,1
39,0.9984328197187011,0.0010812532830947203,0.00048592699820412886,0
40,0.20044234183697535,0.0011126465702780298,0.7984450115927466,0
41,0.998669482632845,0.0013266513641422082,3.8660030127775e-06,2
42,0.31541730469680823,0.0038472098745006896,0.6807354854286911,1
43,0.047282896702927506,0.00022188807852883976,0.9524952152185437,1
44,0.9791292420567267,0.005162290695699008,0.015708467247574243,2
45,0.19097763463746392,0.001491288073324823,0.8075310772892111,0
46,0.042648613971340794,0.00015726315662280144,0.9571941228720365,0
47,0.5342822612136492,0.0035983522318115743,0.4621193865545392,1
48,0.9876728783103974,0.009965301351381399,0.0023618203382212897,1
49,0.6670389151786486,0.0027458603891333546,0.33021522443221807,0
50,0.9205905212918084,0.004405197706876912,0.07500428100131461,1
51,0.07787272059766158,0.0002575876404821295,0.9218696917618562,2
52,0.996634867223991,0.001523585212813647,0.0018415475631952893,2
53,0.08074065684307839,0.0011480972456771746,0.9181112459112445,0
54,0.9868305472728777,0.013137096211176303,3.235651594612711e-05,0
55,0.0018666507309330438,4.1545515228955604e-06,0.9981291947175441,0
56,0.05003646850789269,3.396209882157133e-05,0.9499295693932859,2
57,0.9830123313409507,0.004549751008030898,0.012437917651018395,0
58,0.37031474127019626,0.002014208158862746,0.6276710505709409,1
59,0.6384096067519696,0.004533092187012522,0.3570573010610181,0
60,0.9955275720946043,0.0032491202100563936,0.0012233076953393008,0
61,0.12952489103607967,0.00042414396844379487,0.8700509649954766,0
62,0.4537277758998776,0.0034943397733056096,0.5427778843268168,0
63,0.9581673545080911,0.013346695057936002,0.028485950433972954,1
64,0.4461587074670079,0.0015453002515314952,0.5522959922814606,1
65,0.9907567112302257,0.007428877066045077,0.0018144117037292905,1
66,0.9896237940564876,0.010260246747307179,0.00011595919620514021,0
67,0.22946213763615556,0.000979177003673733,0.7695586853601707,2
68,0.6172305276140191,0.0232071311458169,0.35956234124016395,0
69,0.874087446804651,0.008211617477062587,0.11770093571828627,1
70,0.995482954419661,0.0037473192276753706,0.0007697263526636634,0
71,0.01764825063334205,2.1722990983716355e-06,0.9823495770675595,1
72,0.053652933174205296,0.0001987114233798551,0.9461483554024149,1
73,0.4517090250908242,0.00210805780156545,0.5461829171076105,1
74,0.9950243325654134,0.0049749308754662045,7.36559120452801e-07,0
75,0.0015536958550115261,2.938429939516686e-05,0.9984169198455932,2
76,0.9956865066363507,0.0032954522499796545,0.0010180411136695446,1
77,0.9124045720802968,0.005046415170279438,0.08254901274942368,1
78,0.8435665872735432,0.002494390711899408,0.15393902201455734,2
79,0.9984420130456523,0.0015579594845410983,2.7469806662524887e-08,0
80,0.9841589244282927,0.009145311441313449,0.0066957641303939395,1
81,0.9979691601550679,0.0020303531580556718,4.866868763313822e-07,0
82,0.9945509326646474,0.005434628361999947,1.443897335263469e-05,0
83,0.4474516095281354,0.0017213240434891144,0.5508270664283754,0
84,0.9821997890611024,0.017799513132288985,6.978066086423238e-07,0
85,0.5178027366085544,0.0024143498377758124,0.47978291355366975,1
86,0.9608396962549193,0.039131799410763925,2.850433431677876e-05,0
87,0.9942557796319529,0.005273545455183474,0.00047067491286373727,0
88,0.9976310826485248,0.0023685017130358546,4.1563843932726816e-07,2
89,0.9540604835590876,0.00609336431913128,0.03984615212178111,2
90,0.5053916081191877,0.0007854147777721596,0.49382297710304013,2
91,0.16904944466437496,0.0004233530908907503,0.8305272022447343,1
92,0.8786799888222903,0.003218298561051092,0.11810171261665878,2
93,0.664015842036935,0.0024484479598213017,0.33353571000324367,1
94,0.13063247276751921,0.0019161118385623028,0.8674514153939185,0
95,0.19303631452430034,0.0017042117004770114,0.8052594737752227,1
96,0.7580683524066936,0.003850536549711589,0.2380811110435949,1
97,0.2676168178996308,0.001972382792098063,0.7304107993082711,0
98,0.9975014472791861,0.0024972943629716976,1.2583578421699975e-06,2
99,0.34095151705691684,0.001363131757266638,0.6576853511858166,0
100,0.9512907105102707,0.009325632296593195,0.039383657193136114,2
101,0.8177467889959166,0.003985862694019502,0.17826734831006388,1
102,0.5629911061136537,0.0016599699075675034,0.43534892397877895,1
103,0.39738155126614133,0.0021121470380115782,0.6005063016958471,1
104,0.9724797449514041,0.008845189436101252,0.018675065612494636,1
105,0.9790070970480603,0.00844933600670258,0.012543566945237056,1
106,0.04529005201837565,0.00023090621097110968,0.9544790417706531,0
107,0.9949475040732323,0.004996856455283832,5.5639471483851195e-05,1
108,0.998536076655502,0.00137320451664567,9.071882785238122e-05,0
109,0.2608781671003761,0.0015282907134197454,0.7375935421862042,1
110,0.991138078598014,0.004630623387626692,0.00423129801435944,0
111,0.10328742696529691,0.001060739127415257,0.8956518339072879,0
112,0.12504873303241387,0.0006911158322130729,0.874260151135373,0
113,0.3354462694495072,0.002590384229614752,0.6619633463208779,0
114,0.7350841678062396,0.002577654362034009,0.2623381778317264,2
115,0.8267315164788127,0.0018962776139306097,0.17137220590725669,2
116,0.8101054108553235,0.005151361215151974,0.18474322792952466,1
117,0.6510434364395158,0.0028950672815376164,0.34606149627894667,1
118,0.9923907143143086,0.007607318364332158,1.9673213592026855e-06,0
119,0.9970936537328359,0.0029043486016838843,1.9976654802058566e-06,2
120,0.1042300206838611,0.0008236944091263395,0.8949462849070127,1
121,0.9984930666843839,0.0015069284127038622,4.9029124394300135e-09,0
122,0.27030347544853006,0.000553807191041773,0.7291427173604281,0
123,0.8808084949471943,0.00619058138613094,0.11300092366667475,2
124,0.039909576364073336,0.00025260377512391726,0.9598378198608026,0
125,0.9917687223593205,0.005089598077116266,0.003141679563563334,2
126,0.9977680660771147,0.0020714241047942055,0.0001605098180910747,0
127,0.022916806738827462,0.0002422707550158934,0.9768409225061565,0
128,0.9400511024393684,0.0048129165831233235,0.055135980977508214,1
129,0.1031729280939087,0.000649535572616222,0.8961775363334752,0
130,0.9873842306311323,0.009529645958894504,0.0030861234099731714,0
131,0.9896555618182659,0.00440218973246865,0.005942248449265597,1
132,0.2268045652614302,0.0020113040821140814,0.7711841306564556,1
133,0.15999694132751097,0.00047195478286323985,0.8395311038896258,1
134,0.480095017144107,0.0016074792089048524,0.5182975036469881,1
135,0.14832854642200746,0.00020754087291665184,0.8514639127050758,2
136,0.16738913293506327,0.0012781641000977697,0.831332702964839,0
137,0.2915258916300897,0.0010137680967227897,0.7074603402731875,2
138,0.9785770223821774,0.00622995396229336,0.015193023655529317,1
139,0.3822816820340064,0.0017530539369915537,0.615965264029002,0
140,0.994374133529843,0.0050143880256379135,0.0006114784445189805,1
141,0.9966593427230916,0.003339686003566981,9.712733413941324e-07,2
142,0.9975726281136896,0.0020827119741267585,0.00034465991218364604,2
143,0.18746498603466516,0.00037730265770578533,0.8121577113076291,1
144,0.9982856761257083,0.0017113753442142036,2.9485300774552586e-06,0
145,0.06160957046268989,0.003940134151378123,0.934450295385932,1
146,0.17226156509355006,0.00023173776006615295,0.8275066971463838,2
147,0.89616850868988,0.004353719003054564,0.09947777230706559,2
148,0.25441445216135267,0.00038202423781047873,0.7452035236008369,0
149,0.11375802005274638,0.0005911352563861334,0.8856508446908676,0
150,0.3925660449251661,0.0021912819648490455,0.6052426731099849,1
151,0.9885218775460698,0.011295201753621965,0.00018292070030818602,2
152,0.7066463442174463,0.0011276206229725615,0.2922260351595811,1
153,0.6755584962405016,0.0026184977925454607,0.321823005966953,1
154,0.9765830251682511,0.0005287948245959635,0.022888180007152814,2
155,0.9970750966201996,0.0027989931395652097,0.00012591024023521778,2
156,0.04971543417319853,0.00021078874341691532,0.9500737770833845,1
157,0.7028191425125583,0.0025547691253375656,0.2946260883621042,2
158,0.9312085800050299,0.0034288811474598173,0.06536253884751027,1
159,0.9786895944754821,0.0102697867636978,0.011040618760820178,1
160,0.9979570386377065,0.001300605879631003,0.0007423554826626257,0
161,0.9217718050404231,0.009727418861864293,0.06850077609771274,0
162,0.9886002199656063,0.008715366634743652,0.0026844133996500705,1
163,0.027553737158732067,0.0001249404590912367,0.9723213223821767,1
164,0.9946213375457329,0.005372907189886352,5.755264380781493e-06,0
165,0.9997414622654687,0.00022124588697960637,3.7291847551663935e-05,2
166,0.4396593901356664,0.0041475471515179455,0.5561930627128157,0
167,0.9251752454076353,0.06383892643093647,0.010985828161428363,1
168,0.9907834553005828,0.004480475105805525,0.0047360695936117855,1
169,0.041510558362743984,0.0018055612983628108,0.9566838803388932,2
170,0.22874889050913563,0.0011094084955879271,0.7701417009952765,0
171,0.04994164485906659,0.0001311275381293042,0.9499272276028041,2
172,0.9858058117039112,0.0050238116594049,0.009170376636683849,2
173,0.9963441603336995,0.0005839583852363722,0.0030718812810641193,2
174,0.2548799247384963,0.00076659107935813,0.7443534841821455,1
175,0.997017705451739,0.002981928315873044,3.6623238798708936e-07,2
176,0.20429858364083237,0.0009997570232551732,0.7947016593359125,0
177,0.8554508222178028,0.009891350431928726,0.13465782735026843,2
178,0.07440573174067783,0.0005596938287833038,0.9250345744305388,2
179,0.07244932039862606,3.4549028391598274e-05,0.9275161305729822,2
180,0.4060242845073585,0.0019172130756985452,0.5920585024169428,0
181,0.9859330585192599,0.004456201630999943,0.009610739849740023,1
182,0.8876444833182032,0.005611710936804,0.1067438057449927,1
183,0.9923208504139038,0.007605150292509983,7.39992935859931e-05,0
184,0.9628549211593144,0.0035608604146732943,0.033584218426012384,2
185,0.916980187737624,0.001683253516152638,0.08133655874622339,2
186,0.45616677779367143,0.0003060295585687447,0.5435271926477598,1
187,0.9975788260693661,0.0024198370636239128,1.3368670099999033e-06,2
188,0.9390576456391228,0.006481232829836956,0.05446112153104036,0
189,0.9970990127227517,0.001526258709032146,0.001374728568216172,2
190,0.07854733912404224,0.000528548189413164,0.9209241126865445,0
191,0.9978465207247076,0.0021381298666395907,1.5349408652728107e-05,0
192,0.3066617937721441,0.0016366008414400793,0.6917016053864158,0
193,0.0866012082533576,0.00023428276487857098,0.9131645089817637,1
194,0.2263083801448749,0.0019325000087736458,0.7717591198463515,1
195,0.8968169081173546,0.0014205314102504665,0.10176256047239492,2
196,0.647497715878371,0.0027947725920211158,0.34970751152960783,1
197,0.9369872531777621,0.0019100320121974105,0.06110271481004055,1
198,0.8156856415190148,0.002938706235832681,0.1813756522451526,2
199,0.26925717347670286,0.0018421599007718776,0.7289006666225252,0
200,0.9893365119992129,0.006312152876887627,0.0043513351238996046,1
201,0.9232312511041377,0.002060861332509524,0.07470788756335268,2
202,0.9940483828034914,0.005926497352927367,2.5119843581240457e-05,0
203,0.7927325003471656,0.0015760981776234502,0.20569140147521095,1
204,0.99494907099519,0.005039150618157588,1.1778386652380052e-05,0
205,0.0065653100113245025,1.808699002193346e-05,0.9934166029986536,0
206,0.029154799585233083,0.00011463036471955705,0.9707305700500474,0
207,0.9967758545880036,0.002233263765771028,0.000990881646225306,2
208,0.11002068228535397,0.0004261230888976291,0.8895531946257483,0
209,0.12143642435396165,0.0006361369013242502,0.8779274387447141,0
210,0.2654063880402475,0.001501490450827392,0.7330921215089251,1
211,0.05157642907634111,0.00023656106096219817,0.9481870098626967,0
212,0.9996851337109794,0.0003137884693009243,1.0778197195733675e-06,2
213,0.16209608020555827,0.0011064106829918074,0.8367975091114499,0
214,0.1598749824645762,0.0007001741656247004,0.8394248433697992,0
215,0.9282921257737698,0.07166072592630177,4.714829992833435e-05,1
216,0.5506973617543662,0.0026089380828478816,0.4466937001627859,2
217,0.9387518463184398,0.006940660143857723,0.054307493537702346,1
218,0.13815861207154306,0.0002833687898490799,0.8615580191386079,1
219,0.1933606283559813,0.0001859206188730624,0.8064534510251458,1
220,0.9956680139421146,0.0037425418390171997,0.00058944421886825,2
221,0.7354819961067887,0.003625450313488235,0.2608925535797231,0
222,0.13243821714982518,0.0004834058692373514,0.8670783769809376,0
223,0.5425907346620811,0.0024509870347246237,0.4549582783031942,1
224,0.9978020839338861,0.0018058559174223662,0.0003920601486914691,0
225,0.7036486661025633,0.0014230003949404098,0.29492833350249625,2
226,0.029644007236546453,0.00015451765553443585,0.9702014751079191,2
227,0.9972262152157879,0.0026183960135137056,0.00015538877069833752,2
228,0.1198337556033595,0.003208449615689658,0.8769577947809508,2
229,0.2896025242155125,0.004810560781629329,0.7055869150028581,0
230,0.6761978378262938,0.00321642492649923,0.3205857372472068,0
231,0.9871913573380325,0.007113484483823786,0.005695158178143635,1
232,0.15601869813596597,0.000719990360074428,0.8432613115039596,1
233,0.9975288037070756,0.0022894381380480842,0.00018175815487627022,2
234,0.9980869178904835,0.0014013661617984178,0.0005117159477179055,2
235,0.1297862271658629,0.000973662253325296,0.8692401105808116,0
236,0.9365548198626172,0.0022857617152658217,0.06115941842211676,0
237,0.8140397951193277,0.0035035853129023295,0.18245661956777007,0
238,0.4569698737607936,0.001923733602216019,0.5411063926369903,2
239,0.36485662656145545,0.002933347790455547,0.632210025648089,0
240,0.9990170638383108,0.0006915781073237291,0.0002913580543655379,2
241,0.98290008187159,0.007253300578482667,0.009846617549927338,2
242,0.060950563642402776,0.0002075037409090346,0.9388419326166881,0
243,0.9825363250167235,0.00440702280387443,0.013056652179402103,1
244,0.48084243608592897,0.0016200645108655342,0.5175374994032055,1
245,0.9976366122376821,0.0017317068721705673,0.0006316808901473356,0
246,0.9764621707424125,0.0032796167680572527,0.020258212489530313,2
247,0.05038516946752487,0.00026614957874581877,0.9493486809537292,0
248,0.9942419764574905,0.005469941336394011,0.00028808220611548834,0
249,0.3980849537082677,0.0009404002607472649,0.600974646030985,1
250,0.28996036764206873,0.0020006948290567155,0.7080389375288746,1
251,0.05542887133631924,0.00026136114039454933,0.9443097675232861,0
252,0.1362011093673472,0.000534288838754563,0.8632646017938983,0
253,0.0760145517277587,0.000558398383771226,0.9234270498884701,2
254,0.9922581765537275,0.0020415974909646214,0.005700225955307749,2
255,0.9963990289856626,0.0034186881422899004,0.00018228287204738764,2
256,0.85724493445336,0.010271591048733437,0.13248347449790648,1
257,0.3005115988043133,0.00069704835964743,0.6987913528360393,0
258,0.9193416879121058,0.004197909342264225,0.07646040274562985,2
259,0.4281620616542149,0.0019071480910159398,0.5699307902547692,0
260,0.31378417640910045,0.0007883127014696631,0.6854275108894298,1
261,0.9665663923877117,0.0019035702295051825,0.03153003738278317,2
262,0.9958054163233278,0.004191134605889186,3.4490707830816804e-06,2
263,0.6781804755468973,0.001730378520908878,0.3200891459321937,1
264,0.25729910779129683,0.0013680293757619866,0.7413328628329411,0
265,0.004808622437467713,8.198362712170987e-05,0.9951093939354105,2
266,0.10934407779481364,0.00021808859825945802,0.890437833606927,2
267,0.9987459013543161,0.0012539330606303677,1.6558505356201352e-07,2
268,0.3109941674754172,0.001130443918440612,0.6878753886061422,1
269,0.038404326032055604,0.00010173710967406759,0.9614939368582703,2
270,0.8725343706080324,0.0034819388442411726,0.12398369054772648,1
271,0.9964202861373382,0.003567631423104104,1.208243955755574e-05,2
272,0.0713484427443813,0.00016954427278499193,0.9284820129828337,0
273,0.9953795966382466,0.004606344371433826,1.4058990319513186e-05,0
274,0.5323810677713922,0.0006057843413029539,0.46701314788730486,2
275,0.9955072241250131,0.0025198433317828216,0.0019729325432039234,2
276,0.0436647650871916,0.0001545760733999663,0.9561806588394084,0
277,0.9941423114206068,0.005857558922586989,1.2965680605723912e-07,2
278,0.5761030338807608,0.0015977060006584646,0.4222992601185807,2
279,0.9596992489413312,0.0030080598893120706,0.03729269116935683,1
280,0.10536292729392635,0.0001468795978301318,0.8944901931082434,2
281,0.9938215158204038,0.003596805901808931,0.0025816782777873986,1
282,0.6008543568330927,0.0036683851129007987,0.39547725805400635,0
283,0.7451162199000579,0.001142750801574839,0.2537410292983671,1
284,0.9807692197017153,0.002311076089303381,0.016919704208981225,2
285,0.7091280869678669,0.004097426824906819,0.2867744862072263,0
286,0.2935966643443363,0.0009882133761073618,0.7054151222795564,1
287,0.8602842088301259,0.009232458264426304,0.1304833329054478,1
288,0.9971736194758005,0.0025134078033909623,0.00031297272080852995,1
289,0.6961185300628997,0.001289455107301406,0.302592014829799,1
290,0.018126201849118805,7.400216383813936e-05,0.9817997959870431,0
291,0.02627446558865239,0.0005164532284795323,0.9732090811828681,1
292,0.9975242985608855,0.002475544326942751,1.5711217164581953e-07,2
293,0.9177289486523166,0.001946252628605126,0.08032479871907823,1
294,0.9930759520369309,0.006700569272358244,0.00022347869071075017,2
295,0.7534851072993385,0.005849256304916486,0.2406656363957451,1
296,0.9747510378204652,0.0014407049647816468,0.023808257214753183,1
297,0.05891746335138208,0.0005545806157428256,0.9405279560328751,0
298,0.9300024753425714,0.06901277256885222,0.0009847520885763697,1
299,0.4398456359186107,0.0022803798566620247,0.5578739842247273,0
300,0.3314553812047705,0.0017223851952527585,0.6668222335999768,2
301,0.998487851398352,0.0014787437492999303,3.340485234806066e-05,1
302,0.905128649913363,0.002006684902707679,0.09286466518392933,2
303,0.20169946063213723,0.0004350895838971121,0.7978654497839657,1
304,0.3385084226312073,0.001482602457257121,0.6600089749115355,2
305,0.9978602714886644,0.002139308924207514,4.1958712814286484e-07,2
306,0.044215131141339466,0.0004662604931028883,0.9553186083655576,2
307,0.28877056776738136,0.0013075141582724887,0.7099219180743462,1
308,0.9696631803433444,0.00276253568962744,0.027574283967028136,2
309,0.9887509972904588,0.011217083956299827,3.191875324135386e-05,0
310,0.49050242363848395,0.007542506588141613,0.5019550697733745,2
311,0.9955442339288033,0.003480458303029253,0.000975307768167417,2
312,0.013468449902391306,0.0029957770196910602,0.9835357730779176,2
313,0.9965986616447661,0.0033682003441658525,3.313801106811456e-05,2
314,0.3387344985830023,0.0017996884456578854,0.6594658129713398,0
315,0.5198197120314458,0.0014173878716960216,0.4787629000968582,0
316,0.06424515060275068,0.0005490782941331213,0.9352057711031162,2
317,0.9719807320287988,0.004949323952757339,0.023069944018444047,1
318,0.993709032099264,0.00535359962780331,0.0009373682729326062,0
319,0.05517758562129275,7.687005083212554e-05,0.9447455443278752,0
320,0.14424843512087357,0.003125689945525495,0.852625874933601,0
321,0.9731679231058861,0.0036146069304751316,0.02321746996363876,1
322,0.43198360745594866,0.0007827051374219221,0.5672336874066295,2
323,0.998866813711945,0.001132857830354052,3.2845770102930595e-07,0
324,0.5702240776028554,0.004641947497604124,0.4251339748995405,1
325,0.939281431973776,0.007180505451558352,0.053538062574665556,1
326,0.11629312492817652,0.0016366675746002479,0.8820702074972232,2
327,0.007800181099053437,0.00012927973314072748,0.9920705391678057,0
328,0.8035748014637878,0.0011609569351127827,0.19526424160109934,1
329,0.3100242291846915,0.0008943763239542678,0.6890813944913542,1
330,0.07257826377110996,0.0011008262548228478,0.926320909974067,0
331,0.9751044438737221,0.00228719518392124,0.0226083609423568,1
332,0.9649536110390893,0.013982327156392775,0.02106406180451799,2
333,0.9871303335254489,0.003534327337090053,0.009335339137461129,2
334,0.9982202535410176,0.001749568030161872,3.017842882047842e-05,2
335,0.9805677142472081,0.002225605550135446,0.01720668020265646,0
336,0.9938739399126496,0.005147339017238028,0.0009787210701123065,2
337,0.13292872510606613,0.00030894991599788625,0.866762324977936,1
338,0.9972929888828886,0.002386094255896206,0.0003209168612153071,0
339,0.5299482056781506,0.005097051173005264,0.4649547431488442,1
340,0.8689711734345101,0.006866398431085021,0.12416242813440476,1
341,0.9923404918582707,0.006824657343363681,0.0008348507983655697,2
342,0.8993966230138917,0.0032932722817297392,0.09731010470437865,2
343,0.9059584977570201,0.005111740609211023,0.08892976163376899,0
344,0.6357457785757954,0.000868766493696209,0.36338545493050844,0
345,0.9984821692329833,0.0007981457408959447,0.0007196850261206694,2
346,0.0133726586830243,2.5786958566188322e-05,0.9866015543584096,0
347,0.19993409578599916,0.0004995169622228056,0.799566387251778,1
348,0.9880925077521738,0.00780697518983245,0.004100517057993741,1
349,0.8805371804156102,0.0026413824857083887,0.11682143709868134,2
350,0.12007516833511413,0.00022808827777871866,0.8796967433871071,1
351,0.9924386638567085,0.007556952345139041,4.383798152425467e-06,0
352,0.9932856878675492,0.0035114749052896498,0.003202837227161079,2
353,0.9931485699456775,0.005476031664219273,0.0013753983901032788,1
354,0.990984670234069,0.005673660706809838,0.0033416690591210564,2
355,0.012317076389941896,0.00016603749167470554,0.9875168861183834,0
356,0.9983627423735301,0.0009286919957095224,0.0007085656307604467,2
357,0.10982547918490901,0.0011884103212084758,0.8889861104938825,1
358,0.502876202568536,0.0013491618562053974,0.49577463557525847,1
359,0.9877401133998776,0.009347417368780345,0.0029124692313420362,1
360,0.12265228986888306,0.0003306757248487863,0.8770170344062682,2
361,0.08284745412984039,0.00039542939143017835,0.9167571164787293,0
362,0.9972058816964192,0.002388884931779447,0.00040523337180141394,2
363,0.7322273160669067,0.0004404036569306669,0.2673322802761627,2
364,0.5096118765684441,0.002918599423133387,0.48746952400842253,1
365,0.9920195883223905,0.007771531435444267,0.0002088802421650761,0
366,0.9750595828713914,0.024899175971086762,4.12411575219612e-05,2
367,0.9966499934543821,0.0033014268379492435,4.8579707668591035e-05,0
368,0.9957813772866649,0.0029253028454129496,0.0012933198679220598,1
369,0.9943927705750105,0.005062327803775971,0.0005449016212135313,2
370,0.5563376317714993,0.0005915516067149149,0.44307081662178577,1
371,0.9977494783125794,0.0016218900060876655,0.000628631681332971,2
372,0.9979105640822302,0.00199328115406355,9.615476370610208e-05,2
373,0.6863674970511696,0.002678077706895805,0.31095442524193456,1
374,0.992415527056863,0.0007146423100040647,0.006869830633132889,2
375,0.9556488660360795,0.04425917246291318,9.19615010072256e-05,0
376,0.11744734623378575,0.0009151650008245481,0.8816374887653897,0
377,0.6656068996344362,0.0027384086002819265,0.33165469176528184,2
378,0.10763297872782657,0.0004906638298466448,0.8918763574423267,2
379,0.5065883450919968,0.00427863429483178,0.4891330206131714,1
380,0.9989954917685572,0.0009769278260038222,2.758040543881906e-05,2
381,0.008096642515273174,2.037989639500598e-05,0.9918829775883318,2
382,0.6891623592824861,0.00043023235604147805,0.31040740836147235,1
383,0.44358783523164624,0.0010131858958685382,0.5553989788724852,1
384,0.9302036806604452,0.011716199132412446,0.0580801202071424,0
385,0.9901926968890827,0.008750703948535504,0.0010565991623818197,0
386,0.2783285442515969,0.0008213778243695841,0.7208500779240334,1
387,0.7979415449882504,0.0029945873893460814,0.1990638676224034,1
388,0.9981367267786284,0.0010453174271764843,0.000817955794195213,0
389,0.9768314999111011,0.005668019880991391,0.017500480207907492,1
390,0.9658527964386917,0.002621730576536241,0.031525472984772054,2
391,0.16126300438622926,0.005491181706740893,0.8332458139070299,0
392,0.9983120139316682,0.0016812865509417939,6.69951738993969e-06,0
393,0.5138245568759877,0.01665448096439352,0.46952096215961875,1
394,0.6804422831031218,0.0013446368181154243,0.3182130800787627,1
395,0.9861494834237975,0.0056332581804465565,0.008217258395755976,1
396,0.9876453087552478,0.003008903188318474,0.009345788056433766,2
397,0.21086980171404743,0.0012191741084630057,0.7879110241774895,0
398,0.928834796179199,0.004675342665482567,0.06648986115531857,1
399,0.9966526355586265,0.003331866370702133,1.5498070671435487e-05,2
400,0.6572759684277301,0.0012360627407467194,0.34148796883152316,0
401,0.25689443463934214,0.005475278932154594,0.7376302864285031,1
402,0.9986745037150577,0.0013221237336919938,3.372551250297424e-06,0
403,0.9743343934603069,0.004660501246906006,0.021005105292787152,1
404,0.9966043043282565,0.0033238581329476345,7.183753879582309e-05,0
405,0.9985330484194375,0.0014451903146750508,2.1761265887346524e-05,2
406,0.07064031665852824,0.00042243262693882126,0.9289372507145329,0
407,0.9835430570868403,0.002270029195358779,0.014186913717800922,1
408,0.8007760625625432,0.004350167005839338,0.19487377043161755,2
409,0.030508972251874555,8.648990665965322e-05,0.9694045378414657,1
410,0.9948071214466179,0.004869931700132976,0.0003229468532492451,0
411,0.21703412759051682,0.0008117124407394927,0.7821541599687437,1
412,0.9973981173277618,0.0023261126160330032,0.00027577005620517956,0
413,0.9989933770914236,0.0008050423117352368,0.00020158059684107171,2
414,0.10316793414782573,0.0005704101251437007,0.8962616557270305,1
415,0.7660580986989189,0.0037828598572273967,0.23015904144385374,0
416,0.0056281520592303255,2.2120132679683837e-05,0.9943497278080901,0
417,0.2749967636481356,0.001177217815102561,0.7238260185367619,1
418,0.058192383102188106,0.00019813360916633513,0.9416094832886455,0
419,0.9974401596956125,0.002559807477780133,3.2826607391418065e-08,2
420,0.16921378118612362,0.00041710331195254316,0.8303691155019238,1
421,0.9906307488029065,0.0022216082740127182,0.007147642923080858,2
422,0.9394554346518574,0.0014759379884721402,0.059068627359670535,1
423,0.2931615644478955,0.00048478421387635823,0.7063536513382281,1
424,0.4507448828800573,0.0007440130439601201,0.5485111040759826,1
425,0.2469598747150365,0.00030183131713235853,0.752738293967831,1
426,0.9836765373998675,0.009623145327570477,0.006700317272562015,0
427,0.9941863915000434,0.005775609277175507,3.7999222781087164e-05,0
428,0.9204377305146442,0.006031560130142607,0.07353070935521328,0
429,0.9974832641049693,0.0017984431869166313,0.0007182927081141471,2
430,0.23960919862904614,0.00016902960520690001,0.7602217717657469,2
431,0.4481410474411982,0.00510404184100292,0.5467549107177988,2
432,0.9952556414222378,0.004629469132969304,0.00011488944479283549,0
433,0.12772336041201937,0.0015861914155397006,0.870690448172441,0
434,0.17050327093387538,0.0017086225077681313,0.8277881065583564,0
435,0.6166498387029546,0.0007779267828686116,0.3825722345141768,0
436,0.9978231664415247,0.0021266714599832907,5.0162098492072454e-05,0
437,0.9991791472382008,0.0007300857436750507,9.076701812412364e-05,2
438,0.9954177593989566,0.0045822337713099974,6.829733314849976e-09,0
439,0.9959822857245919,0.004001107256628969,1.6607018779224244e-05,2
440,0.03456667046055021,0.00036318800111716546,0.9650701415383326,2
441,0.5984149356827078,0.0026219919467969626,0.3989630723704953,0
442,0.3582308039382229,0.0008671070509141025,0.640902089010863,0
443,0.006919616442591993,1.478064996874463e-05,0.9930656029074392,0
444,0.19145087592471793,0.0007350405319505156,0.8078140835433315,0
445,0.20738196972422338,0.00042496462673207694,0.7921930656490446,1
446,0.9926951365875161,0.00518138184934738,0.0021234815631365647,0
447,0.9907323437366369,0.00904271626972932,0.0002249399936337894,1
448,0.9921055103802427,0.007894192408964664,2.9721079265747874e-07,0
449,0.026766226109738868,0.0002074726738675756,0.9730263012163936,0
450,0.9979007366276678,0.002099259342967574,4.02936460420053e-09,2
451,0.9892338802728212,0.0057210266794621,0.005045093047716709,0
452,0.7747154610759851,0.0010337173986389784,0.22425082152537607,2
453,0.8960112323385425,0.002805790965256803,0.10118297669620069,2
454,0.9913408717011549,0.0043429197577828475,0.0043162085410622065,2
455,0.4592069335069383,0.0009262901362827285,0.5398667763567789,1
456,0.9973738591987723,0.002615579076699094,1.0561724528589623e-05,2
457,0.12870058732480338,0.0012521126409804583,0.8700473000342162,1
458,0.3425255442772826,0.0023775571913991684,0.6550968985313183,1
459,0.9970017528318662,0.002978812841922749,1.9434326211175725e-05,2
460,0.3520631461983611,0.0016291392965083612,0.6463077145051305,0
461,0.079759565865609,0.000631410667522807,0.9196090234668681,0
462,0.9328019539712494,0.011630403996819043,0.05556764203193161,0
463,0.3131077823354512,0.0008438527410850433,0.6860483649234638,1
464,0.996596221960604,0.0005144749397881376,0.0028893030996078053,2
465,0.1908126830630464,0.0070809594924239605,0.8021063574445296,1
466,0.9427677058870577,0.05720021583102344,3.207828191882066e-05,0
467,0.37161728670962024,0.006511323748632548,0.6218713895417471,1
468,0.1303796113078419,0.00026824864470030774,0.869352140047458,1
469,0.07115240800698637,0.0008440890320131622,0.9280035029610004,2
470,0.9929576894817709,0.006885719752413131,0.00015659076581593634,0
471,0.5274800262644593,0.0006722662657504809,0.47184770746979027,2
472,0.23624766621291926,0.0009975943099317223,0.7627547394771489,0
473,0.792560887467036,0.005438617872932553,0.2020004946600313,1
474,0.2430280935675559,0.0015286332606006317,0.7554432731718435,0
475,0.13018771007923405,0.0002064038359763426,0.8696058860847896,2
476,0.974869594060851,0.002818689424571343,0.0223117165145777,1
477,0.05524714848900085,0.00030944852527428363,0.9444434029857247,2
478,0.9241744626097238,0.002876788499423938,0.07294874889085223,2
479,0.17258535075449913,0.00034703204042696456,0.8270676172050738,1
480,0.9944175806773039,0.005530611619135005,5.180770356124254e-05,0
481,0.1863220076467995,0.0008489603583317449,0.8128290319948688,1
482,0.6517928678379099,0.002318327387311275,0.3458888047747789,1
483,0.004417299836283953,1.4107908764662608e-05,0.9955685922549513,1
484,0.38166247322587904,0.0009865982963474327,0.6173509284777734,2
485,0.9848780854520881,0.010549146165291633,0.004572768382620291,1
486,0.9934611900995252,0.005910858550772001,0.0006279513497028042,0
487,0.9915489348507097,0.005106485545541925,0.0033445796037483294,2
488,0.03258974021621906,0.0002496580208292613,0.9671606017629516,0
489,0.5398528562094412,0.003426962171458388,0.4567201816191004,1
490,0.7514439826288979,0.008595232382685078,0.23996078498841703,1
491,0.12453453378659182,0.00033160346281326105,0.8751338627505949,1
492,0.9903209589100127,0.003930275325205937,0.005748765764781198,2
493,0.9462678253346778,0.006754618540850775,0.046977556124471534,1
494,0.34388923887622436,0.0010214308848983428,0.6550893302388774,1
495,0.9960521985444705,0.0023775494923926775,0.0015702519631368105,2
496,0.1941796439672008,0.0007320744865824089,0.8050882815462168,1
497,0.9502507880629264,0.002161074987600167,0.04758813694947341,1
498,0.1362034315362584,0.00014040810363016244,0.8636561603601114,2
499,0.9958623731463214,0.003760176349837093,0.00037745050384153586,2
500,0.9940291814152776,0.005208267652085771,0.0007625509326365676,2
501,0.19701708983900668,0.0006452132375627037,0.8023376969234307,0
502,0.4467176310835837,0.0008306397109247459,0.5524517292054916,1
503,0.05390975560331834,0.00010771692658044709,0.9459825274701011,1
504,0.0900828672732272,0.001079753908028726,0.908837378818744,0
505,0.9968335720003051,0.0031656112187560524,8.167809388992105e-07,2
506,0.9891409695522719,0.0051595051667357485,0.005699525280992333,0
507,0.99234814303223,0.004583706707507686,0.0030681502602623867,2
508,0.310656726849717,0.009359087170455816,0.6799841859798272,0
509,0.09882411628973482,0.0010286278267198363,0.9001472558835454,0
510,0.9945587422461217,0.0009203624216948248,0.004520895332183567,2
511,0.9565171526433097,0.002101611073946621,0.0413812362827436,2
512,0.2077551111166334,0.0009799806484608027,0.7912649082349058,1
513,0.7632041531506738,0.003196435191203794,0.23359941165812242,0
514,0.5727850647983499,0.0024737566025766038,0.4247411785990735,1
515,0.5860619972743246,0.00018363000816365958,0.4137543727175117,2
516,0.7887619899492149,0.0038512234399160007,0.2073867866108692,1
517,0.4762449302604534,0.0014743183427007357,0.5222807513968458,0
518,0.9962521529889925,0.0035196044906324626,0.0002282425203750705,2
519,0.7373823247438307,0.0032454378862292223,0.25937223736994003,2
520,0.9686516582045072,0.004058491437464454,0.02728985035802843,2
521,0.9952284517122755,0.004771302918811912,2.4536891265828214e-07,0
522,0.1145616932264856,0.0006506930112505311,0.8847876137622638,0
523,0.9922252548912434,0.006391930594040492,0.0013828145147161371,2
524,0.995180853934553,0.0045642885992544435,0.00025485746619268503,2
525,0.2840669125671541,0.0006073695539190054,0.715325717878927,2
526,0.9936626922934075,0.006306251563733599,3.105614285875169e-05,0
527,0.11537394873892759,0.0005240070498877522,0.8841020442111847,0
528,0.7403001807662959,0.0021701678958799594,0.25752965133782413,1
529,0.9981507861420181,0.0018480972565409143,1.1166014409376083e-06,2
530,0.4538416784398039,0.003224029647476256,0.5429342919127199,0
531,0.2447268242196531,0.0004444435373635216,0.7548287322429834,1
532,0.9514643719223881,0.0020678559205430107,0.04646777215706881,2
533,0.9669018405335097,0.002013720722614114,0.0310844387438763,2
534,0.9965251635076268,0.003450028322183401,2.480817018985653e-05,2
535,0.8924586848688854,0.00855980062700265,0.09898151450411198,2
536,0.9834360159134405,0.006515702404669385,0.010048281681889893,2
537,0.9973465044465977,0.002308716466625782,0.0003447790867766221,2
538,0.9935352493401256,0.006461308674982135,3.441984892199101e-06,0
539,0.997378405273792,0.002307063124710605,0.00031453160149759154,2
540,0.9954038494424697,0.0023861391520960994,0.0022100114054341164,2
541,0.9940004562786767,0.004491558862625099,0.0015079848586981557,2
542,0.051027236375426166,0.00029543564116062994,0.9486773279834132,0
543,0.32642578192331384,0.0024861637992186726,0.6710880542774674,1
544,0.28398247826329587,0.00043634446021729084,0.7155811772764868,1
545,0.7620993183387241,0.002781515263402266,0.23511916639787353,2
546,0.6308449714098155,0.0031759657228608526,0.3659790628673236,0
547,0.9942751740896775,0.005721030261766632,3.795648555941354e-06,0
548,0.9936150911182234,0.006109976329009056,0.0002749325527673945,0
549,0.7243732906391269,0.004474645259859012,0.27115206410101417,0
550,0.9960502941937627,0.00355227701777338,0.00039742878846404895,2
551,0.9949505828060117,0.004109487724142353,0.0009399294698461217,0
552,0.9969259172209244,0.0029938629075705607,8.021987150512315e-05,2
553,0.9857406789898779,0.0017562592268934927,0.012503061783228514,0
554,0.3325294200515419,0.0023690346669299252,0.6651015452815282,0
555,0.9936360845155633,0.0044519694045622605,0.0019119460798743904,1
556,0.22764692937360984,0.0005100548433177852,0.7718430157830725,1
557,0.0935761972216699,0.0002738155694554294,0.9061499872088746,2
558,0.9977756788201159,0.0022237835215409784,5.376583430307113e-07,2
559,0.9921030930448194,0.005062256067833995,0.002834650887346701,1
560,0.9653064050536512,0.011066229265409379,0.023627365680939365,1
561,0.9979995644719579,0.0018268673093578367,0.00017356821868418066,2
562,0.998391092174893,0.0015436712814298778,6.523654367712538e-05,2
563,0.9990602943937759,0.000939694440613747,1.1165610489691517e-08,2
564,0.9388620948805718,0.0020706471212760527,0.059067257998152205,1
565,0.007931494483408255,2.6089672152137463e-05,0.9920424158444395,1
566,0.05740340925268874,0.0006212937977825991,0.9419752969495286,2
567,0.9978969778041514,0.001987532931363838,0.00011548926448470775,2
568,0.8551473355403915,0.007119547699460576,0.13773311676014796,0
569,0.9963713662972747,0.003243132878887503,0.00038550082383767656,2
570,0.6004571436838786,0.0018877114251201095,0.39765514489100123,1
571,0.08332611074613773,0.0003446880987118082,0.9163292011551505,1
572,0.2833225047256963,0.0011236862614029328,0.7155538090129008,1
573,0.9494530642576122,0.004487351180740593,0.04605958456164732,0
574,0.1263727483311595,0.0012027489729718175,0.8724245026958687,1
575,0.9975820624259829,0.0023635686920501745,5.436888196693598e-05,2
576,0.08255359594128774,0.0008941241470034974,0.9165522799117088,1
577,0.15344761988109387,0.0019148603967354054,0.8446375197221708,0
578,0.23880726569476765,0.0008030413885836314,0.7603896929166488,2
579,0.9972540331341706,0.002671716282821929,7.425058300751667e-05,2
580,0.9303015167569499,0.005042188005366895,0.06465629523768314,1
581,0.7787655102765754,0.000921787587907673,0.22031270213551699,0
582,0.30917418182285505,0.002400630409216391,0.6884251877679285,0
583,0.20776196324154167,0.00016276061356219603,0.7920752761448961,2
584,0.26274066054189443,0.001269535774668515,0.7359898036834371,0
585,0.1979158063032702,0.00038504562425895647,0.8016991480724707,2
586,0.12385438463016239,0.0010465742516720094,0.8750990411181657,0
587,0.12911534326528532,0.0018000084881933036,0.8690846482465213,0
588,0.45534701264710775,0.0013817326136151523,0.5432712547392772,1
589,0.28038566197663606,0.0002981688842496,0.7193161691391142,1
590,0.9929552649976491,0.005631505324966699,0.001413229677384135,0
591,0.9974571684085527,0.0025287317323603726,1.4099859087043389e-05,2
592,0.06601596079184027,0.0006887592538009184,0.9332952799543588,0
593,0.9650760771765268,0.0005776086594829089,0.034346314163990393,2
594,0.9303232099863128,0.004802226938780762,0.06487456307490634,2
595,0.26032375789364537,0.0015769610069723769,0.7380992810993822,0
596,0.20322651203549047,0.0004079955476650155,0.7963654924168445,2
